chr,start,end
1,1158562,1384492
1,1389149,2092899
1,2141048,3848860
1,5067210,5108785
1,5229707,5476618
1,5812882,5885491
1,5889409,6062997
1,6129291,6264418
1,6429327,6605343
1,6642091,6743687
1,7429937,7627999
1,7796337,7804880
1,8143347,8294097
1,8517557,8521176
1,8686213,8856581
1,9106517,9214573
1,9272644,9333949
1,9702538,9706050
1,10178012,10522497
1,10644631,10995090
1,12083481,12280905
1,13978587,14045905
1,14352705,14394443
1,15174383,15184166
1,15800985,15828612
1,16037532,16063297
1,17349020,17350619
1,17955421,18162607
1,21101576,21104880
1,21409691,21723989
1,21805451,22086364
1,22273587,22282170
1,22577995,22579092
1,22755530,22936917
1,23564570,23568761
1,23676988,23680416
1,24632253,24640519
1,24832213,24835034
1,25119019,25137360
1,25216366,25371315
1,26830184,26994502
1,28751100,28753358
1,30233488,30268809
1,31203603,31205322
1,31209533,32000730
1,32653660,32658550
1,33405199,33411459
1,34623939,34648990
1,35418704,35427953
1,36154538,36421487
1,37476557,37588780
1,38662929,38671983
1,39759471,40266408
1,40556013,40562951
1,40933089,40934297
1,43451738,43468018
1,43626182,43628538
1,44021727,44187432
1,44306637,44482118
1,45807207,46040752
1,46347871,46354655
1,47310559,47311682
1,48259759,48267108
1,50019337,50022614
1,51559872,51564052
1,51840163,52076027
1,52660343,52925273
1,53022892,53066445
1,53179891,53258767
1,53353261,53354601
1,53452879,53563563
1,54623225,54640952
1,54803978,54842936
1,55253338,55266060
1,57050204,57169981
1,58861630,59025503
1,59663354,59686304
1,61493833,61497697
1,61648118,61653558
1,61697562,61699464
1,61954055,61982573
1,63016371,63020676
1,64211465,64310713
1,64721826,64726902
1,65703996,65719720
1,65791733,65806453
1,66363573,66365667
1,66613334,66615126
1,67246991,67369279
1,67986509,68011295
1,70656136,70658875
1,72021842,72682968
1,72715929,72841487
1,73147416,73310001
1,73931213,74107079
1,75521219,75722063
1,76646739,77043066
1,77309329,77322777
1,78542759,78734906
1,79627876,79635628
1,79756098,79757345
1,81421732,81431061
1,81567401,81741615
1,82426812,82433803
1,82862879,83542628
1,83768951,83770083
1,85920193,85950660
1,87167337,87178264
1,87609126,87615922
1,87851545,87860024
1,88946385,89095040
1,90354434,90517742
1,90970680,90976955
1,91325319,91335650
1,92203725,92340072
1,93822810,93825473
1,94584121,94595799
1,94654234,94698880
1,95030293,95289285
1,95795772,95927147
1,95950195,96080558
1,97442153,97635588
1,99530269,99699083
1,99894099,100032786
1,101542058,101551087
1,101906783,101951537
1,101985180,102384824
1,103180060,103189729
1,103281833,103285226
1,103447737,103909380
1,105444911,105865200
1,106217940,106338960
1,106831678,106862509
1,106941006,107298261
1,107669051,107872255
1,108076252,108554056
1,108924711,109119614
1,109644596,109648827
1,109681375,109710259
1,110412218,110415519
1,110814219,110870290
1,111244773,111252111
1,111281229,111292362
1,112052037,112249917
1,112449388,112452335
1,112614513,116198750
1,116583683,116783889
1,150679726,150711036
1,150765721,150844410
1,151346257,151439159
1,151817133,151824293
1,152107513,152111563
1,152210699,152214675
1,152241455,152251230
1,152308263,152312153
1,152500363,152925677
1,153438034,153446519
1,154538560,154540507
1,154616187,154618135
1,155122502,155948170
1,158897741,158900194
1,160682940,160712046
1,161192048,161201730
1,161374465,162533566
1,163338259,163344641
1,163795691,163841022
1,163933019,164094598
1,164279883,164477942
1,165448289,165456299
1,165679672,165681210
1,165853654,165891576
1,166522642,166681748
1,167825845,168383824
1,168854873,168921182
1,169257935,169272049
1,169638480,169644151
1,169812865,169916045
1,170345940,170444151
1,172839305,172840628
1,173299285,173513018
1,173841504,173986805
1,174500143,174600638
1,174825006,174835984
1,175260495,175438167
1,175467793,175940865
1,176061850,176221439
1,176267623,176270664
1,178586049,178591351
1,178680753,178704939
1,179359573,179375770
1,179753703,179755187
1,180159367,180366405
1,182818316,182827620
1,183181351,183182559
1,183815931,183992713
1,184845595,184851665
1,185324065,185376639
1,189277402,189680198
1,189738837,189850357
1,189989976,190026082
1,190745541,190898815
1,191354855,191362021
1,191808390,191856622
1,193657047,193741066
1,194968949,194973774
1,195286797,195611082
1,195834634,196150324
1,196290718,196449886
1,196621707,197753110
1,198503483,198518859
1,200121091,200139418
1,200538382,200627849
1,200689038,200698845
1,200858045,201026604
1,201549042,201599488
1,201947226,201953141
1,201964627,201967517
1,202531981,202755078
1,206526294,206535684
1,206682643,206884413
1,207384534,207751722
1,208125617,208323773
1,208948332,208952628
1,209904711,209912626
1,210406179,210447435
1,211232334,211264870
1,211276213,211280408
1,212297794,212299292
1,212474801,212669761
1,212673918,212681420
1,212752087,212836155
1,216984406,217042123
1,217461288,217614691
1,218007786,218042199
1,218717316,218758894
1,220745673,220749437
1,221041547,221042651
1,222122625,222284971
1,223455032,223471064
1,223747518,224175461
1,224392367,224401671
1,224900222,225065572
1,225217249,225339076
1,225477992,225515783
1,225869682,225872703
1,227161947,227166489
1,227692415,228670462
1,229350161,229386795
1,229676791,229685093
1,229686532,229691636
1,230577118,230579856
1,231489014,231780250
1,232322845,232324505
1,232613354,232615396
1,233098401,233106260
1,233120118,233271670
1,234128596,234284857
1,234370442,234374112
1,234673557,234992216
1,236703536,236739064
1,236968811,236982618
1,237778494,238604802
1,239303150,239307809
1,239602794,240231580
1,242873365,243304780
1,245506406,245531781
1,245865277,245952700
1,246123620,246125087
1,246243844,246577642
1,246776554,246782719
1,246911128,248165533
1,248324336,248714122
10,14061,178465
10,223755,3156581
10,3166031,3259840
10,3265033,3268106
10,3945412,3949466
10,4244688,4281301
10,4386371,4417335
10,5505154,5510434
10,5515061,5762817
10,5847660,5850914
10,6351101,6380854
10,6607102,6624861
10,6673322,6678984
10,7054186,7097556
10,7381534,7695776
10,8084305,8085884
10,11060801,11071659
10,11924017,12255231
10,12761892,12764381
10,12837704,12894713
10,13007081,13022407
10,13307536,13311152
10,13536081,13716895
10,13820894,13835069
10,14229397,14233250
10,14521098,14560444
10,14961660,14964636
10,15484688,15490474
10,15683864,15832969
10,16193956,16200476
10,16514510,16690309
10,17840303,17849700
10,18546396,18617578
10,19405215,19736065
10,19995420,20041723
10,20397790,20620275
10,21241289,21245169
10,22629172,22780747
10,23445398,23624441
10,24080859,24084913
10,24250614,24254856
10,25437292,25443488
10,26520471,27004686
10,27142437,27286441
10,27343109,27406537
10,28273718,28296567
10,28797575,28799296
10,29154458,29409307
10,29514811,29681606
10,30346222,30536200
10,32662483,32671865
10,32975299,33110014
10,34744188,34818752
10,35930734,35932138
10,35957448,35959238
10,36014191,36190755
10,36818566,36819566
10,36996835,37336771
10,37527582,37551271
10,37642884,37669984
10,37906073,37907310
10,48848406,48851373
10,50385267,51973716
10,52884965,52889048
10,53123600,53167596
10,53348369,53377601
10,53597376,53827170
10,54648267,54806377
10,55073783,55351633
10,55419392,55423717
10,55442275,55559084
10,56187998,56379295
10,56381262,56531162
10,56730870,56930193
10,56980255,57768097
10,57784622,58124853
10,58317734,58318734
10,58520561,58521644
10,58958273,59211601
10,59564377,59573381
10,60667445,60668570
10,62497410,62498946
10,63283326,63338555
10,63846321,64004766
10,64142458,64318927
10,64672342,64690727
10,64869271,64876474
10,65076956,65257931
10,65501595,67157406
10,67298941,67306789
10,68697962,68871556
10,69068026,69073420
10,69278961,69293132
10,69504230,70786847
10,71478146,71526398
10,72140811,72847362
10,73614032,73621429
10,75475179,76010691
10,76091210,76107411
10,76488158,76498934
10,76597292,76599045
10,76632593,76635815
10,76791780,76793987
10,76795155,76798825
10,76804350,76806446
10,77191336,77283257
10,77351633,77833713
10,78655015,78811830
10,79043072,79317020
10,79515706,80061099
10,80406996,80555534
10,80633679,80790180
10,81125785,81128513
10,82124028,82129263
10,82284876,82299171
10,82640958,82677437
10,82812166,82858895
10,83208549,83426950
10,84716309,84717606
10,86563816,86568670
10,86755301,87550005
10,88804941,88970595
10,89062898,89257729
10,90180785,90787801
10,91141343,91173180
10,91443781,91451901
10,92374858,92377896
10,93338935,93347558
10,95923269,95926815
10,96187285,96197568
10,97030206,97202715
10,97238587,97386167
10,98075039,98134196
10,98496677,98624057
10,98922697,98937035
10,100392093,100805979
10,100917177,101098262
10,102088027,102100340
10,102780705,102783178
10,103455175,103465444
10,105369515,105526570
10,105626601,105631329
10,105769904,105993781
10,106192435,106196960
10,107371964,107373874
10,108699229,108883738
10,109054770,109059809
10,109116186,109125168
10,109178622,109202460
10,109680847,109710041
10,110803840,110809218
10,111670749,111891688
10,112220414,112371065
10,113151320,113240255
10,113872583,113896000
10,115655358,115712105
10,115738157,115745131
10,120371515,120377973
10,120634702,120647674
10,120876200,121142359
10,121241121,121242279
10,121676951,121702140
10,122503559,122695299
10,122841091,123038385
10,123297701,123509643
10,124397407,124776461
10,125040626,125049046
10,125765331,126098133
10,127110261,127440758
10,128462151,128467177
10,129631344,129632347
10,129812459,130010617
10,131110988,131114383
11,211447,1336162
11,1363751,1500210
11,1878156,1961249
11,2043541,2070370
11,2767814,2963987
11,3215282,3792731
11,4034715,4488958
11,4489055,4541228
11,4699974,4720724
11,4886663,5114101
11,5395392,5470803
11,5484534,6173245
11,7398384,7424674
11,8435476,8513095
11,8763266,9307322
11,9384476,9394711
11,10171747,10331350
11,10735534,10740985
11,11194328,11359745
11,11703470,11850270
11,14453542,14490616
11,16629326,16670261
11,16893744,16912583
11,17346725,17562673
11,18797182,19060521
11,19461813,19472860
11,20645693,20651961
11,21134547,21216151
11,21535303,21703612
11,21762084,21827189
11,22418167,22425317
11,24983071,25525119
11,25542644,25821119
11,26308323,26452094
11,28117261,28122358
11,28902946,29050951
11,29392668,29502576
11,30143725,30169266
11,30958215,31042465
11,31217867,31408189
11,31945627,31947752
11,31987995,32167578
11,32374391,32539037
11,32693097,33028394
11,34198957,34348689
11,34517990,34809652
11,34891768,34942181
11,35008386,35217031
11,35297773,35458974
11,35928148,36967365
11,37094106,37121875
11,38423218,38459802
11,40532125,40664188
11,40901308,41061293
11,41097809,41312361
11,41611615,41775495
11,42948578,42949618
11,43689414,43808142
11,45971906,45977135
11,47032730,47043216
11,47496403,47659758
11,48282119,49163638
11,49190685,49447414
11,55386454,56081680
11,56833323,56982988
11,57531881,57713578
11,58145037,58181278
11,58519413,59241200
11,59628934,59663642
11,60140658,60177861
11,60460704,60461922
11,61049441,61356164
11,61981330,62126561
11,62255368,62309835
11,62528103,62695376
11,62746812,62924017
11,63277520,63359382
11,63412648,63425951
11,63601523,63603399
11,63609805,63620451
11,63813728,63818613
11,64004679,64197169
11,64545019,64717737
11,64719711,64852727
11,64975598,64990615
11,65245823,65487069
11,65792422,65954892
11,66291563,66292815
11,66866991,67038509
11,67466851,68123822
11,69567380,69568973
11,69608915,69773710
11,70136450,70138384
11,70140378,70145782
11,71164037,71221604
11,71364203,71420322
11,71652593,71946530
11,72935473,73096820
11,74131564,74846552
11,75487235,75490046
11,76677305,76685379
11,78177662,78190142
11,78645390,78818125
11,79764565,79769476
11,79852391,80038103
11,80256460,80305092
11,80688183,80691343
11,81164336,81168151
11,81277268,81306930
11,81454718,81464261
11,81608023,82119580
11,82165997,82168181
11,82520509,83805659
11,84845634,84882611
11,84958664,85128739
11,85469436,85892945
11,86158902,86194471
11,86593115,86595578
11,87722513,87724332
11,88665192,88668212
11,88711177,90197020
11,90875033,91186887
11,91232904,91329377
11,92083437,92091309
11,92151270,92341658
11,93165176,93203379
11,93352852,93532709
11,93943058,93981784
11,96081345,96100001
11,96196790,96339824
11,96979526,97321796
11,97389050,97570173
11,97743840,97873330
11,97933258,98158272
11,98891013,98934438
11,99139836,99143448
11,99199756,99341566
11,99933872,99982545
11,101689809,101737933
11,102606686,102609109
11,102824377,102839740
11,103062798,103121394
11,103165062,103344739
11,103932185,103936808
11,104127249,105108990
11,105178548,105181059
11,105354402,105379203
11,105803863,105805478
11,107348898,107381054
11,107453550,107473842
11,107608636,107685099
11,107792064,107800875
11,108578887,108752993
11,108897266,109515209
11,114501563,114685944
11,114936792,115027854
11,116454915,116665497
11,117131238,117139804
11,117407482,117416446
11,119369367,119372118
11,119486279,119495452
11,121602889,121669933
11,122476869,122478572
11,122963328,122996442
11,123408487,123674087
11,125205392,125230542
11,125330686,125464632
11,125495069,126046387
11,127326861,127334069
11,129846480,129851543
11,129966090,129969640
11,130099327,130472822
11,131109508,131114450
11,131562907,131879091
11,132961275,135074876
12,71019,881378
12,1025186,1026422
12,1601084,1759476
12,1844700,1861941
12,2138013,2146161
12,2250065,2262510
12,2726070,2900508
12,3120186,3285701
12,3977719,3979376
12,4282166,4287580
12,4444050,4445827
12,6129313,6154653
12,6344718,6554669
12,7621924,8471391
12,8864485,8865510
12,8929183,9093624
12,9218999,9770933
12,10420181,10446420
12,10568633,10570350
12,10817021,11561987
12,11934372,11942532
12,11986851,11993070
12,12467720,12630190
12,12750387,12754202
12,13385198,13421803
12,13426791,13429600
12,15279453,15354673
12,16112158,16293444
12,16405220,16421623
12,17064968,17242387
12,17757234,17839371
12,18226549,18243244
12,18408463,18415794
12,18782560,19659844
12,20789281,20964886
12,20990014,20991282
12,21596166,21777761
12,21987900,22583973
12,23628798,23823373
12,24366458,25068752
12,25080847,25099244
12,25496423,25501511
12,25839397,26008183
12,27486051,27506870
12,28239701,28241369
12,28957849,29136916
12,29148519,29150222
12,29870234,30022299
12,30084418,30093246
12,30134381,31919663
12,32174224,32202032
12,32370521,32378278
12,33141103,33159263
12,33289089,34682902
12,37462893,38676932
12,39906111,39938051
12,40424458,40426879
12,40488224,40489602
12,40495642,40502387
12,41115675,41119930
12,41383039,41587530
12,42626772,42633623
12,43583658,43585757
12,44655150,44678560
12,45693647,45703444
12,45755555,45956108
12,47122343,47917148
12,48035919,48431716
12,48665031,48677462
12,48864777,49064772
12,50060574,50068355
12,52111175,52139034
12,52169480,52494080
12,52905999,52911270
12,53953285,54140862
12,55315883,55331906
12,55438426,55607268
12,56159294,56509123
12,56620060,56621349
12,56926026,56930712
12,57435950,57608085
12,58074501,58080284
12,58326893,58352528
12,58628947,58929264
12,59541328,59558592
12,60359326,60364149
12,60479742,60485021
12,61117215,61218770
12,61380404,61402607
12,61941440,61947501
12,62388687,63858392
12,63998720,64018090
12,64624064,64643703
12,64840029,64845726
12,66501629,66586400
12,66605066,66610204
12,67273205,67279090
12,68787857,68795201
12,69792574,69796330
12,70478078,70719432
12,70815127,70818233
12,71708684,71914393
12,72092153,72857329
12,72980906,73023483
12,73414917,73459842
12,74466463,75171955
12,77503292,77511427
12,77638997,77675931
12,78315730,78325055
12,79761159,79774200
12,81463062,81646209
12,82185175,82361581
12,82562852,82574519
12,82707266,82963842
12,83222116,83238962
12,83449228,83480092
12,83740041,83927226
12,84199423,84202666
12,84352620,84359567
12,84587044,84794984
12,87368587,87379254
12,87746681,87750142
12,88456653,88628898
12,90292428,90293570
12,90835959,90848471
12,90948532,90950310
12,91034193,91064675
12,91139506,91283577
12,91753137,91916900
12,92292037,92293476
12,93279723,93292419
12,93467396,93469213
12,93587700,93590783
12,94553876,94555241
12,94825984,94835754
12,95037908,95043689
12,95194524,95195689
12,95405582,95415350
12,96171361,96176302
12,97483235,97495039
12,97620967,97637201
12,97776708,97951848
12,99394142,99410758
12,99583091,99688529
12,100723670,100724906
12,101130198,101138306
12,103797488,103799804
12,103985729,103986947
12,104302508,104307999
12,104439951,104514510
12,105670580,105709870
12,106971095,106985067
12,108400928,108414940
12,110945232,110953995
12,112034771,112038935
12,112066461,112243128
12,112718618,112735757
12,114123875,114172337
12,114194477,114200087
12,114645662,114649234
12,115140591,115705322
12,115791145,115812929
12,116038120,116210681
12,116649080,116650418
12,116652538,116836005
12,117174861,117214871
12,117256297,117257607
12,117366871,117384351
12,117741369,117749120
12,118791889,118856518
12,118997948,119003407
12,119598404,119822120
12,120978042,121147010
12,121229848,122754250
12,122911380,123104743
12,123525129,123601142
12,123625575,123711309
12,124381867,124562841
12,124800380,124803163
12,125718921,125726715
12,125733030,125740567
12,126314595,126352819
12,126812424,126967195
12,127100472,127120069
12,127144801,127158393
12,128303230,128337913
12,128587760,130631031
12,130648152,130649181
12,130662439,130674594
12,130749069,130789849
12,131113092,131192234
13,18445861,19763387
13,19889727,19895931
13,20398583,20650339
13,20794846,20955042
13,21154210,21155672
13,21168402,21172340
13,21245125,21324029
13,21503583,21692052
13,22198584,24382791
13,24455157,24476785
13,24613691,24626589
13,26426455,26593241
13,28115979,28122070
13,28471715,28475077
13,30951037,31004426
13,31308372,31317892
13,31953447,31954657
13,31954821,31965910
13,33560672,33574216
13,33998840,34003428
13,34296809,34462065
13,34647336,34654512
13,35116115,35126534
13,36737194,36801278
13,37495586,37539123
13,37779756,37783814
13,38483179,38486064
13,39293090,39298100
13,39360082,39361378
13,39465899,39516605
13,39648743,39804926
13,39967653,40269668
13,41030795,41224672
13,42177571,42201981
13,42570468,42572322
13,42626628,42658860
13,42808106,43317395
13,43716838,43925163
13,45742428,45747635
13,45812128,45981048
13,47995817,48161803
13,48597170,48898381
13,49377279,49379739
13,50036134,50847016
13,51602847,51788389
13,53759074,53847199
13,54117897,54137101
13,54382352,54610632
13,54731756,54734354
13,56500076,56501592
13,57051490,57410781
13,59624662,59631653
13,60024743,60223418
13,60678903,60682746
13,61422843,63147115
13,63209631,63371983
13,63729374,63813374
13,63850118,64359486
13,64580835,64584320
13,64584661,65820318
13,66431680,66745850
13,66827375,66829717
13,66925147,66954441
13,67097559,67134581
13,68568027,68727446
13,68781504,68818447
13,70021557,70065930
13,70161932,70215859
13,70803909,70968820
13,71505668,71695422
13,71754193,71911267
13,73130634,73132099
13,73240304,73241822
13,73243780,73245204
13,74629914,74803451
13,75747474,75967867
13,76034409,76038736
13,77050897,77194329
13,77407060,77408608
13,78423506,78424615
13,78720959,78729057
13,79330843,79524973
13,79905269,79928975
13,80731168,80894886
13,82469313,82808517
13,82939863,83104715
13,83120666,83306931
13,83484422,83703562
13,84130514,84733276
13,84974311,85397404
13,87504346,87662294
13,87989884,87992033
13,88758827,89223720
13,89628365,90213292
13,92300848,92929927
13,93522401,93718673
13,93762036,93781260
13,98262439,98303135
13,99790630,99832042
13,101241793,101244073
13,101978948,102152950
13,102489224,102493400
13,103623177,103628756
13,103750696,103772628
13,104013071,104025589
13,104333481,104337103
13,104967971,105134664
13,105840484,105844189
13,107403219,107411301
13,107639971,107824354
13,107858849,108031522
13,108425142,108594609
13,108717276,109907224
13,111009686,111157064
14,18340706,20462916
14,20747949,21003455
14,21385485,21403005
14,21463465,22971970
14,23935989,24035896
14,25758674,25935912
14,26294421,26315707
14,26472738,26481988
14,27132344,27592132
14,27595893,27974036
14,28400641,28402957
14,28548795,28558140
14,28575013,28728946
14,28817842,28820846
14,29042621,29229180
14,30331017,31442539
14,31800675,31805914
14,32389274,32547236
14,32933733,32934856
14,33077790,33079326
14,34264568,34266014
14,34483280,34486588
14,34513908,34550641
14,34554984,34584277
14,34648562,34650770
14,34860550,35052635
14,36578424,36583453
14,38319401,38335229
14,38460850,38469069
14,39162868,39164119
14,39229196,39238793
14,39629188,39631027
14,39968471,40072606
14,40402906,40406518
14,41002893,41023346
14,41107880,41268803
14,41297358,41411524
14,41576670,41790308
14,42381451,42539626
14,43113712,43787051
14,43930002,44175278
14,44205412,44324235
14,44563588,44844463
14,45236879,45958567
14,46324449,46479323
14,47790954,47977120
14,48003860,48194264
14,49056071,49065664
14,50942237,50951720
14,53336334,53354339
14,53620279,53675840
14,54205856,54267124
14,55046060,55051010
14,55338068,55340401
14,58659999,58845301
14,59940776,60116323
14,62105992,62267614
14,64347224,64351819
14,64787747,64805062
14,64954773,64967711
14,68032903,68036494
14,68330001,68331367
14,68407924,68593555
14,68866112,68868952
14,69535648,69563698
14,71564502,71567456
14,71738187,71742353
14,72336028,72352976
14,73493593,73660367
14,74083678,74139715
14,74706738,74884573
14,75881898,75894090
14,76451287,76471746
14,77088645,77258006
14,77529643,77534933
14,77607837,77796229
14,77912813,78035676
14,78409264,78707185
14,79192388,79199342
14,79639946,79648706
14,80961623,81114664
14,82404837,82680453
14,83670114,83827496
14,83903884,83904888
14,84197766,84205164
14,84391656,84394097
14,84434638,84435928
14,84727725,84731395
14,84864844,84866620
14,85051392,85300948
14,85677050,85684026
14,85691970,85959058
14,85983981,86032493
14,86722954,86875869
14,86976565,86980200
14,87712368,87713728
14,87924772,87963950
14,88195040,88197572
14,89818943,89990332
14,90723955,90927660
14,92977551,92978787
14,93845988,93877956
14,94471549,94479580
14,95101912,95107961
14,96741127,96743362
14,97007402,97012564
14,97663665,97688486
14,97796438,97957375
14,98065246,98069559
14,99068386,99100131
14,99117242,103391200
14,103467698,103470059
14,103481785,103485251
14,103681188,103966798
14,104938047,106877229
15,24810131,24892816
15,25170912,25708422
15,27153403,27172523
15,27232322,27538309
15,28031864,29923133
15,29990753,29993669
15,30000741,31178820
15,31438802,34698768
15,35867930,35870014
15,36298247,36485401
15,37539368,37680286
15,38293119,38299698
15,39607558,39802680
15,40540346,40702913
15,41494307,41513562
15,41754975,41830419
15,42042177,42210784
15,43162447,43166557
15,43482779,43485576
15,43491802,43856443
15,44093358,44098120
15,44676670,45130644
15,47185332,47312112
15,48216841,48371581
15,48452097,48457433
15,50093087,50251491
15,50369252,50399398
15,50990060,51513229
15,53477524,53493286
15,54061423,54100833
15,54663699,54666803
15,54692246,54694125
15,54732470,54734932
15,54806985,54957293
15,56444280,56497882
15,56500238,56503440
15,57349250,57358947
15,57364171,57529777
15,57629987,57639214
15,58872682,58882181
15,58980912,58982259
15,59182607,59316345
15,61388161,61408459
15,62413897,62415596
15,63471191,63472204
15,64641235,64642351
15,65888447,66058047
15,66098753,66104116
15,66364123,66366597
15,66893594,66981556
15,67964657,67966922
15,68133683,68136607
15,68245734,68522324
15,68710416,68722636
15,69015270,69018173
15,69342413,69499860
15,69862793,70023015
15,70729501,70735169
15,70736059,70755331
15,70772518,70774545
15,71166187,71333967
15,72377034,72828219
15,73003384,73008827
15,73922773,74172575
15,75252732,75269721
15,76588287,76621947
15,76878209,77101298
15,77256422,77287182
15,77706032,77829563
15,78501817,78508880
15,78761142,79001539
15,79062895,79226427
15,79258565,79261229
15,79658180,79770975
15,80530861,80711048
15,80832362,80839289
15,81649179,81931728
15,82000723,82134059
15,82646082,82648837
15,82749013,82891877
15,83870724,83899406
15,84046870,85590028
15,85796735,85818355
15,85824461,85828451
15,85890345,85902774
15,85981385,85984747
15,86175035,86343707
15,86602510,86610551
15,87362614,87366884
15,87909621,87916663
15,89345880,89352351
15,90022724,90266401
15,90307530,90457213
15,90911196,91098519
15,91288620,91497082
15,91787030,91798342
15,92038321,92072016
15,92079118,92081960
15,92101677,92105499
15,92108723,92112674
15,92182103,92183342
15,92187460,92188366
15,92196523,92200900
15,92201527,92205741
15,92221436,92224411
15,92226367,92231767
15,92235470,92238410
15,92241273,92242889
15,92244998,92248312
15,92259677,92263532
15,92267868,92270080
15,92763189,92773086
15,93253539,93276364
15,93619013,93969692
15,94923747,95102909
15,95500905,95502333
15,95875102,96095471
15,96594140,96746591
15,97164470,97592819
15,98299098,98300578
15,99734088,100216834
15,100759595,101890871
16,10001,2820535
16,2881056,2945705
16,3152781,3259413
16,3955868,4135556
16,4159840,4208090
16,4720523,4721965
16,4775920,5374828
16,5413354,5417353
16,5431931,5434240
16,5552093,5561120
16,6458403,6459670
16,6598009,7031961
16,7865053,7925355
16,8424158,8465903
16,8649827,8651386
16,9719692,9728591
16,9914452,10321660
16,11040531,11047016
16,12082699,12978034
16,14108331,14182198
16,14316068,14317269
16,14528198,15424025
16,15599643,15766452
16,15815547,15979954
16,16091360,16829931
16,16833946,16852553
16,17440243,19147984
16,19857766,19861087
16,19933041,19968012
16,20434001,20588025
16,21024485,21220636
16,21293950,22760988
16,23036759,23037944
16,24077854,24258848
16,24932074,25175657
16,25317822,25353270
16,25613390,25799933
16,26905600,26908176
16,28093862,29139232
16,29170846,29175240
16,29262627,29808034
16,29876477,29883096
16,30051939,30371959
16,30621126,30828942
16,30833731,31036730
16,31739248,35911508
16,46393251,46400987
16,46401017,46409405
16,47227601,47572376
16,48295526,48445843
16,48538396,48542008
16,48871476,48872719
16,49027842,49095794
16,52774653,52948195
16,53233971,53422830
16,53559364,53565263
16,54045749,54200466
16,54373892,54395946
16,54530370,54718297
16,54719256,54744995
16,55202568,55353620
16,55635484,55949678
16,56259355,56446840
16,56581273,56583114
16,56857096,56883621
16,57572004,57574114
16,57577217,57747868
16,58545101,58842133
16,59604198,59817739
16,60403117,60405397
16,60709464,60887674
16,61081837,61233834
16,63018894,63025581
16,64048542,64122787
16,65382324,65554902
16,66298692,66471069
16,68738965,68740169
16,69208761,69210757
16,69821219,70319431
16,70335867,70535820
16,70773219,71283080
16,71942441,72240448
16,72599406,73335287
16,73739199,73740956
16,74300882,74559241
16,75043807,75047959
16,75120274,75296736
16,75347864,75543073
16,75975883,75987611
16,76135545,76163826
16,76227778,76238098
16,76510211,77091665
16,77172842,77176908
16,77215760,77218578
16,77522390,77524036
16,77582392,79257909
16,79861067,79889413
16,80291406,80300117
16,80307848,80515786
16,80672232,80711474
16,80938382,80993537
16,81032428,81147122
16,81250599,81254311
16,83298157,83361063
16,83623860,83657753
16,83709941,84511002
16,84610311,84641061
16,85155131,85156195
16,85382581,85415085
16,85921270,86016708
16,86243124,90098515
17,2417086,2424120
17,2556321,2560375
17,2705367,2783502
17,2886155,2889864
17,3115153,3256571
17,3626189,3806082
17,3822174,3980223
17,4328496,4508526
17,4646256,4991289
17,5840102,5847994
17,6190561,6243826
17,7986137,8018733
17,8029719,8187575
17,8460162,8466930
17,9353745,9361880
17,9364976,9366124
17,9657081,9687092
17,9901032,10060662
17,10983542,10992418
17,11115193,11133764
17,11313938,11357984
17,13571275,13750252
17,13977924,14225239
17,14254372,15577795
17,16213510,16216786
17,16623742,18551459
17,18659302,18844011
17,18887841,18888865
17,18919047,19361795
17,19582422,19660453
17,19752173,19759035
17,20316121,20796527
17,20800259,20802380
17,27479927,27850093
17,27921819,27923581
17,30144263,30147813
17,30550460,30571831
17,31225070,31398610
17,31445604,31448392
17,31894702,32210963
17,34569317,34584851
17,35212221,35291582
17,35713767,35716365
17,39164554,39320543
17,40592048,40693852
17,41145123,41740591
17,42549496,42555722
17,42829469,43006886
17,43347865,43392667
17,43431629,43612561
17,44108553,44297300
17,44512202,44513444
17,44639788,44825873
17,45325639,47199967
17,47434218,47687590
17,48105349,48112731
17,48525311,48759475
17,48843506,48994526
17,49379409,49551108
17,49749465,49750527
17,50516881,50678469
17,50968126,51127979
17,52441479,52703876
17,52936986,53229251
17,53772260,53779542
17,54063857,54242927
17,54952555,54958730
17,56074499,56103363
17,56683534,57002132
17,57012706,57716106
17,57743579,57748464
17,58235499,58421043
17,58565015,58717588
17,59005218,59348273
17,59697677,59701071
17,59895973,60081801
17,60803616,60807466
17,62099319,62395480
17,63149834,63367297
17,63876559,63884307
17,64041482,64196112
17,64294568,64298340
17,64726316,64944984
17,65038711,65048321
17,65099005,65108776
17,65766188,65936155
17,65960400,65961700
17,66858901,67152566
17,67393511,67554789
17,67683190,67688338
17,67984646,67989323
17,69895794,69983039
17,70031518,70218118
17,71343704,71349557
17,71480866,71489070
17,72033949,72232973
17,72853696,72882914
17,73297006,73299454
17,73303672,73309038
17,73675043,75292850
17,75297204,75460023
17,75595542,75771639
17,76208499,76399227
17,77130826,77299326
17,77352253,77355981
17,78356467,78461269
17,78607328,78727249
17,79037892,79221474
17,79236004,79267051
17,79728517,79957778
17,80085324,80293486
17,80636588,83048753
18,166277,733474
18,1735367,1980254
18,3502646,3508570
18,3677422,4170252
18,4269350,4276170
18,4440419,4444389
18,5315224,5318883
18,5324647,5326245
18,5338956,5342578
18,6762910,6943646
18,8776433,8786356
18,9025104,9240415
18,9401633,9597293
18,9674503,9870520
18,11509707,11511475
18,11679608,11681300
18,11897024,12076103
18,12240682,12499526
18,12591994,12593953
18,12711424,12715466
18,12885274,12890022
18,13058495,13068133
18,13659844,13663205
18,13998749,15377894
18,21603298,21607335
18,21957334,21961446
18,23071106,23076960
18,23083870,23120449
18,23190468,23353903
18,25199982,25205141
18,26786524,26788009
18,28510606,28656847
18,28674581,28680703
18,30015343,30063421
18,30234583,30239698
18,30508815,30671610
18,31116310,31121159
18,31159065,31168095
18,31396919,31461771
18,31935569,31936902
18,32052786,32095029
18,32212374,32460341
18,32803364,32994773
18,33272155,33282553
18,36193329,36201663
18,36407249,36438614
18,36470072,36901904
18,37366039,37548427
18,39232971,39413271
18,39902153,40069343
18,40407568,40415420
18,40680562,40686236
18,41094443,41098839
18,41621996,41786591
18,41804445,41852713
18,42349795,42360438
18,43057816,43065218
18,43410412,43424283
18,44396893,44401967
18,46826461,47188501
18,48458820,48461304
18,48854153,48858041
18,49011193,49185573
18,49575632,49591539
18,50474595,50478701
18,52393846,52843150
18,52961696,52963123
18,53723423,53752560
18,54011357,54018409
18,54426594,54430594
18,55473019,55478080
18,56042914,56215411
18,56261796,56263767
18,56555910,56565477
18,57835224,57836294
18,58263630,58276903
18,59029174,59037657
18,59698661,59708550
18,59735768,59744535
18,59796462,59806293
18,59985517,60019941
18,60248736,60259029
18,60433136,60460334
18,61628161,61668239
18,61899343,62110496
18,63473298,63482700
18,63611669,63773154
18,63881807,63923851
18,64307401,64485101
18,64740589,64782574
18,65482102,65483825
18,65532329,65540637
18,66045111,66203131
18,66235013,66269381
18,66306752,66523275
18,67280268,67305515
18,68037433,68090696
18,68167087,68228851
18,68241746,68244834
18,68308501,68725725
18,69070359,69093790
18,69135149,71678611
18,71881805,72307662
18,72661473,72666268
18,72761318,72767166
18,73099426,73238808
18,73274356,73280470
18,73283879,73287244
18,73478549,73492612
18,75231547,75237791
18,75998034,76089743
18,76341762,80256699
19,232069,2662638
19,2977777,3162121
19,3173382,3175821
19,3230782,3365290
19,3564423,3627361
19,4121259,4274854
19,4325245,4378052
19,4509326,4510365
19,6499789,6675421
19,6693131,6694807
19,6710054,7109534
19,7960567,8306020
19,8694436,8892363
19,9112269,9114445
19,9157697,9164967
19,9605093,9614840
19,9856270,10041740
19,10077656,10251913
19,10678752,10925368
19,12123873,12127672
19,12378912,12438841
19,12736816,12947677
19,13725904,13951988
19,14019201,14177191
19,14381787,14504061
19,14522508,14524845
19,14986138,15148368
19,15669231,15740451
19,16066073,16068183
19,17026260,17027361
19,17529868,17579053
19,17671882,17825047
19,18102951,18279264
19,19716057,19720846
19,19727264,19728840
19,21442995,21452039
19,21480736,21662920
19,21802686,23757665
19,23815991,23824580
19,24086415,24442499
19,27352479,27417214
19,27432927,27770589
19,27803603,27805224
19,27806917,27827908
19,28855749,29174228
19,29264774,29273801
19,29897898,29902207
19,32488019,32489327
19,33286168,34090656
19,34239411,34252226
19,34635113,34801431
19,35162739,35182430
19,35220175,35396211
19,35699754,35703029
19,35850279,36008529
19,36028901,36134034
19,36173939,36176117
19,36340817,36374513
19,37303948,37560704
19,37699821,37923409
19,38136179,38138123
19,38782271,38821642
19,39528849,39537216
19,40106513,40333613
19,40754458,41040163
19,41942094,41945867
19,42228989,43394901
19,43901842,44051273
19,44389939,44443260
19,44530750,44705086
19,44915738,44918040
19,45090630,45290424
19,46703292,46867047
19,47015511,47021367
19,47354499,47522248
19,47891351,47948361
19,47949706,47979206
19,47982539,48184317
19,48250143,48424167
19,48597661,48604336
19,48750098,48986483
19,48997010,49173266
19,49330989,49733819
19,49733820,49943224
19,50033753,50151239
19,50381628,50470219
19,50606994,50624513
19,50629486,50630837
19,50903594,50905169
19,51488642,52101372
19,52385769,52387856
19,52807459,52842068
19,52907206,53149322
19,53408989,53501685
19,53845956,53995117
19,54050737,54097924
19,54163847,58581872
2,34049,1066079
2,1345115,1346250
2,1427818,1501305
2,1892659,2172928
2,2182348,2190452
2,3175576,3196089
2,3688421,3701698
2,3715279,3747690
2,4169946,4174554
2,4189215,4229224
2,4681783,4686980
2,4861113,4876632
2,5196299,5205900
2,5357536,5528222
2,5663369,5827989
2,6048972,6076477
2,6157919,6182415
2,6260377,6262061
2,6478637,6482156
2,7089039,7106256
2,7867712,8417369
2,9593910,9602862
2,10207016,10266580
2,10455452,10548843
2,13144175,13607697
2,14205667,14228844
2,14551811,14569968
2,14851728,14916275
2,15062065,15217735
2,16385512,16537804
2,16880464,16886258
2,17011291,17160117
2,17706783,17793824
2,17960867,18044241
2,18724884,18726085
2,22105483,22109010
2,22487030,22544619
2,22591267,22897147
2,23552779,23558409
2,23761161,23771497
2,23805809,23807815
2,24089642,24092872
2,24375410,24397014
2,25064335,25385947
2,25404513,25406241
2,25440017,26672800
2,27298366,27307268
2,27838469,28001763
2,28950417,30316563
2,30642423,30646669
2,30695680,30703326
2,32187261,32988612
2,33032417,33230288
2,33726088,33734368
2,34123126,34281011
2,34298590,34300654
2,34393861,34562924
2,34602114,34604679
2,35012676,35179918
2,35265892,35267109
2,35347493,35412140
2,35596295,35894515
2,36016309,36518636
2,36820210,36821808
2,37569511,37911796
2,38488616,38490818
2,39449493,39454742
2,40320807,40506636
2,40703581,40739579
2,41010779,41025925
2,41037644,41040555
2,41567211,41573745
2,41819676,41837626
2,44239954,44241748
2,44359872,44393442
2,45313805,45319064
2,46305673,46647012
2,46774695,46778982
2,46786729,46788195
2,47993788,48101189
2,49271804,49281425
2,50571323,50633911
2,51054576,51138744
2,51286787,51617726
2,51699438,51700632
2,51879978,52356952
2,52500242,52587399
2,52898527,52904542
2,53330946,53332639
2,53673537,53844874
2,54466067,54486929
2,54538119,54882318
2,55099955,55106099
2,55520103,55753939
2,55951304,56245259
2,56432550,56624063
2,56936148,57261261
2,57752527,57892078
2,58167408,61113315
2,61432989,61592680
2,62517892,62666878
2,64025871,64312422
2,64598043,64774796
2,65356559,65362263
2,65902360,65922168
2,66101922,66272733
2,67039575,67238530
2,69115288,69789041
2,71067613,71070776
2,71105173,71146290
2,73360948,73432328
2,73489905,73851465
2,74171608,74535298
2,75136297,75155584
2,75462279,75785697
2,76048485,76223602
2,76314794,76478228
2,76610775,76633086
2,76708614,76722437
2,76958730,76981925
2,77627972,77874425
2,77899263,78483906
2,80174192,80615336
2,80748280,82059311
2,82110606,82821002
2,83021726,83737638
2,83947736,83952844
2,84504330,84656418
2,85633876,85639492
2,86029518,86033162
2,88729729,88732783
2,94693073,94954363
2,95304390,95686215
2,96183160,96353738
2,96905372,97724839
2,98239034,98275056
2,98917370,99093536
2,99241441,99271994
2,99487507,99488555
2,99764429,99930213
2,100427976,100621704
2,101704591,101707212
2,101775383,101813175
2,103866332,103872444
2,103977147,104143644
2,105728747,105869330
2,106234735,106281451
2,106324717,106327820
2,106579607,106732016
2,106981584,107145175
2,107301104,107474705
2,107538420,107539547
2,107833421,108606881
2,109935779,110366072
2,111142206,111989360
2,112711658,112721312
2,113317372,113671101
2,114630709,114648115
2,115739952,116042717
2,116727214,116993857
2,120132786,120304522
2,120688278,120693661
2,121564189,121724747
2,122723248,122724725
2,125682087,125704180
2,126275440,126403517
2,126939251,126944374
2,127073367,127248938
2,128216560,128421692
2,128739264,132440430
2,132510274,133176270
2,136103287,136105795
2,136135655,136152703
2,136440220,136482734
2,136830416,136838821
2,136939701,136947269
2,137308592,137315601
2,138603105,138605055
2,140188387,140199656
2,141313751,141488378
2,144484214,144488671
2,145974136,145975454
2,146103282,146128234
2,146746810,146925306
2,149869494,149870852
2,150600763,150987696
2,151007557,151017047
2,151463604,151499847
2,151600583,151624082
2,152187978,152227383
2,152300529,152313877
2,152732935,153006843
2,153159132,153346810
2,153506565,153664271
2,154040262,154042213
2,154197912,154219838
2,155440295,155742834
2,156561066,156568990
2,157915410,157916664
2,159292607,159295137
2,159798611,159818145
2,161195062,161236129
2,161340634,161368658
2,162145759,162318828
2,163439426,163452457
2,163647139,163827116
2,164865781,165038205
2,165158184,165160234
2,165800388,165995152
2,167632859,167783800
2,168493974,168651650
2,168864813,168882855
2,169248606,169254652
2,170411925,170573076
2,172821935,172825135
2,172891888,173048775
2,173662599,173680472
2,175481955,175488007
2,176450479,176500871
2,177957919,177967200
2,178544345,178863999
2,179544284,179558456
2,182572973,182970356
2,183174338,183180257
2,183221060,184339498
2,184346018,184506059
2,184759597,184856012
2,186468053,186715820
2,187011601,187168238
2,187403707,187638458
2,187700869,189665692
2,189861763,189864657
2,190454065,190500984
2,191510469,191511849
2,193824779,193834042
2,194055113,194092151
2,194950168,195139957
2,195451515,195458443
2,196784042,196897289
2,198532804,199199883
2,200710757,201558713
2,202202947,202206056
2,202426059,202450889
2,202980663,202986868
2,203034049,203037327
2,204478004,204484001
2,204675109,204976451
2,205054438,205056914
2,207484534,207498338
2,207607694,207612087
2,207630494,207632213
2,208339990,208384888
2,208607826,208687228
2,210664194,210794257
2,210923690,210926097
2,211870423,211872979
2,212297575,212329598
2,212892007,213050605
2,213326554,213501129
2,213724802,213728876
2,214009982,214011491
2,215246941,215272890
2,215420908,215585798
2,216225221,216227788
2,219187517,219194489
2,219342197,219525821
2,220353311,220358842
2,221125279,221132136
2,221489332,221633464
2,222064208,222240353
2,223886746,223891382
2,224019766,224026406
2,226060227,226064449
2,227612323,227620861
2,228046174,228056037
2,228894640,228899257
2,228899710,228901425
2,229239150,229431420
2,230012775,230014505
2,231672114,232141148
2,232347151,232443226
2,234030837,234047700
2,236043820,236294716
2,236891296,236898492
2,237959554,242141346
20,79360,83302
20,88767,297747
20,447844,620592
20,645262,646515
20,705670,709681
20,820517,827272
20,1408500,1410170
20,1496135,1698610
20,2149914,2494823
20,2822502,2825778
20,3029559,3030676
20,3047082,3053940
20,3127637,3136503
20,3147424,3309891
20,4727804,4730313
20,4957904,4965966
20,5039258,5040477
20,5701018,5704083
20,6231936,6259071
20,6386509,6390870
20,6429163,6575132
20,6879931,6885459
20,7105864,7109717
20,7116135,7122211
20,7141669,7150508
20,7359734,7547882
20,7620390,7626925
20,7968779,8667018
20,8826503,8835844
20,8969644,9299053
20,10911490,11136077
20,11709373,12452745
20,12653180,12681297
20,12924041,13083778
20,13421972,13429476
20,14496648,14498309
20,14719164,15028349
20,15099971,15101534
20,15101549,15107365
20,15301802,15350361
20,15458640,15468292
20,15784727,15996692
20,16153702,16322118
20,16586557,16604669
20,16750430,16759338
20,16794826,16967671
20,17268064,17275097
20,17377161,17409450
20,18008704,18016274
20,18269233,18292988
20,18623908,18626583
20,18743689,18753607
20,19764944,19768922
20,19928157,19938087
20,20001389,20003593
20,21281768,21284188
20,22342400,22376514
20,22676378,22722816
20,23048767,23198967
20,23724444,23796415
20,23825652,24042964
20,24512155,24517631
20,31219292,31222693
20,31245645,31290402
20,31318384,31404448
20,31454682,31462983
20,31630096,31633906
20,32123380,32300789
20,32578142,32586519
20,32755317,32907992
20,32908001,33160360
20,33320831,33327619
20,33735026,33738972
20,34654056,34656480
20,34927689,35113250
20,35388309,35395980
20,35404705,35410704
20,35572144,35580683
20,35705039,35724791
20,35938219,36091751
20,37169906,37171603
20,37674210,37698160
20,37817359,37909509
20,38305977,38509272
20,39435325,39442397
20,39995870,40003958
20,40169230,40346307
20,40716081,40718065
20,41051962,41213015
20,41378144,41381787
20,41728383,41732214
20,42589432,42648457
20,43378087,43386299
20,43395973,43397170
20,43490077,43496629
20,43784389,43785550
20,44215778,44220213
20,44284688,44291555
20,44721538,44731454
20,45058089,45066181
20,45568905,45579160
20,45722083,45750234
20,45962815,45970757
20,46064276,46336238
20,46619371,46663884
20,47133706,47911210
20,47914729,47935093
20,48323943,48350646
20,48502430,48519910
20,50037107,50163145
20,50625618,50820418
20,50989259,50997936
20,51009144,51012538
20,51706078,51802856
20,51885871,51893819
20,51945233,51953820
20,52142652,52144389
20,52667423,52778795
20,53565959,53788018
20,54027975,54044837
20,54062598,54068669
20,54268874,54278297
20,55698676,55702748
20,55859555,55865560
20,57390948,57392072
20,57595722,58113215
20,58124691,58127652
20,60987482,61016904
20,61886206,62008187
20,62889862,62933268
21,10326676,10812682
21,12996886,13967431
21,14083944,14095633
21,14528358,14740529
21,15194177,15195409
21,15215170,15219843
21,15540311,15724478
21,16595066,16769905
21,17474619,17484140
21,18485545,18604170
21,19267704,19271026
21,19332165,19383187
21,20343809,20682273
21,20688189,21203584
21,21637262,21653907
21,21765538,21900895
21,22139598,22302584
21,23026169,23230602
21,23783436,24038367
21,24183591,24221703
21,25860646,25866546
21,26818079,26831349
21,27007911,27168124
21,28866871,28897195
21,29113630,29118188
21,31043510,31130137
21,31785956,32144529
21,32260096,32263807
21,32472654,32480302
21,33472546,33488305
21,33896032,33897463
21,34108032,34109124
21,34353927,34531755
21,36112644,36447329
21,36454718,36489258
21,38280197,38282833
21,38585559,38587360
21,39485597,39594229
21,40505460,40511990
21,40528922,40536400
21,41275150,41279190
21,42042270,46680243
22,19584096,19585578
22,19784656,19808063
22,19891664,20321924
22,20405069,20596955
22,20973694,20978105
22,20979844,23007473
22,23406516,23560305
22,23591265,23618000
22,23619557,23623789
22,24661755,24701724
22,24970834,25650546
22,25739922,25754617
22,26117174,26298328
22,26502533,26633932
22,29390614,29393775
22,29472866,29488578
22,31390012,31392954
22,31401023,31569132
22,32090461,32392271
22,33361457,33364035
22,33472959,33513560
22,33773808,33807492
22,34347675,34386920
22,34899114,34903637
22,34986156,35236960
22,35875453,35945045
22,36335879,36645987
22,36742301,36751851
22,36779110,36964864
22,37293005,37419461
22,37607870,37869871
22,37992458,38240504
22,38891493,38903516
22,38954302,39000579
22,39574585,39736993
22,39959264,39968364
22,40052701,40057537
22,40694005,40700160
22,41282650,41554028
22,42126620,42142218
22,42371295,42687300
22,43113758,43326122
22,43974559,43995517
22,44242821,44305421
22,44630924,44814649
22,45178343,45542044
22,46177483,46185895
22,46259046,46302079
22,46499528,46743584
22,46993418,47214770
22,47875350,48119065
22,48129493,48133865
22,48378799,50242600
22,50485317,50766634
3,25192,3314907
3,4025241,4027871
3,4036970,4064811
3,4079539,4378673
3,5057020,5062140
3,6165214,6207577
3,6232837,6277574
3,6278696,6771773
3,7482865,7522616
3,8395478,8396575
3,8794856,8807107
3,9399845,9406607
3,9816535,9822062
3,10189123,10216084
3,10266949,10274997
3,10427249,10432396
3,11374923,11378685
3,11764511,11765703
3,11903805,11919376
3,12140559,12149715
3,12927244,13249054
3,14869763,15121196
3,15210614,15213879
3,15350387,15356540
3,16185921,16214532
3,16230293,16232051
3,16233114,16234923
3,16645530,16658051
3,20122116,20585464
3,21023401,21449835
3,22036401,22215377
3,22239118,22244700
3,22306653,22322395
3,23400643,23404146
3,24611022,24901435
3,25122732,25979190
3,26004870,26177671
3,26398016,26404057
3,26848361,26851499
3,28142428,28157500
3,29142404,29653997
3,30150927,30154296
3,32061410,32065358
3,32357298,32361286
3,32616518,32618076
3,32687470,32690552
3,33253615,33429981
3,35540700,35548273
3,35779753,35899632
3,35932942,35955381
3,35974941,36013897
3,36100114,36120363
3,36242038,36274465
3,37789992,38062733
3,38351202,38358210
3,38358218,38360780
3,38892257,39054607
3,39492781,39514006
3,41052589,41103534
3,41297661,41732261
3,42088361,42091700
3,42318614,42361888
3,42784094,42787596
3,42988010,42990352
3,44928707,45149356
3,45974972,46078908
3,46378143,46403303
3,46638962,46930999
3,47206740,47211937
3,47523939,47537115
3,47683976,47685582
3,47775571,47804097
3,48096647,48269632
3,49258544,49259618
3,49362038,49367342
3,49407484,49409037
3,49774019,49780309
3,50161045,50470533
3,50857780,50896665
3,50891398,50928458
3,51996621,52001376
3,52144967,52445521
3,52715967,52894203
3,52972039,53021506
3,55456601,55631765
3,55845935,55861081
3,56698894,56704453
3,57683413,60478542
3,60689908,60729039
3,60796210,61235135
3,61583883,61650482
3,61674511,61676456
3,62193064,62196982
3,62672476,62713525
3,62724674,62731125
3,62974382,63006762
3,63515793,63664263
3,64962213,64972566
3,65190441,65238861
3,68041661,68043685
3,68684720,68708193
3,68839579,68886645
3,69011207,69015207
3,69215311,69216429
3,73491606,73492984
3,74098138,74317596
3,75195128,76803223
3,76805338,76969267
3,77349703,77507184
3,77781172,77788509
3,78404787,78447968
3,79234377,81254205
3,81606227,81769729
3,82818741,82828487
3,82911165,83009966
3,84831609,84989049
3,87573253,87744048
3,89211345,89221937
3,89340357,89377439
3,89620432,89635244
3,89669358,89828185
3,95402374,95407938
3,95462758,95492331
3,95493020,95674910
3,97496775,97703416
3,98531202,98535780
3,98691980,98695734
3,99180220,99183548
3,99225682,99229004
3,99483795,99489331
3,100580485,100723634
3,100894543,101057653
3,101913096,101996528
3,102784687,102793161
3,103226498,103231851
3,103537409,103702318
3,104320533,105096272
3,105352050,105536186
3,106431831,106701380
3,107319108,107321485
3,107651340,107840527
3,107979335,108004663
3,108007742,108052683
3,109919707,109928794
3,110262633,110415769
3,110487847,110642785
3,112155291,112167272
3,112386028,112394487
3,113489859,113491624
3,113789929,113916222
3,114939959,114952844
3,115246502,115288305
3,116357442,116403101
3,116423283,116588695
3,116790609,116791630
3,118443544,118466878
3,119007730,119084753
3,119724943,119890035
3,120347403,120351014
3,121126139,121128334
3,121546039,121604618
3,121781553,122372984
3,125730771,125734103
3,125822490,126116976
3,126463075,126517857
3,127296447,127297460
3,127697299,127714699
3,128124111,128192840
3,128338850,128738217
3,129940624,130221139
3,131366926,131557541
3,131601027,131653849
3,131687063,131848477
3,131992867,131994173
3,133302106,133314048
3,133459186,133466677
3,134482192,134491905
3,135135400,135314067
3,136264462,136268087
3,136379160,136387053
3,136761903,136773552
3,137296645,137321037
3,137892947,138214993
3,140061838,140805888
3,140825567,140828205
3,141853349,141854918
3,142010028,142410994
3,142888645,142903992
3,143001388,143245531
3,143273855,143567137
3,144517360,144672545
3,145434697,145467315
3,145788596,145950046
3,146776701,146781514
3,147959483,147984723
3,148151464,148164519
3,148398354,148584455
3,149089326,149135431
3,149244254,149255678
3,149550685,149552359
3,150974850,151239697
3,151662908,151691482
3,151757492,151945387
3,152301788,152497221
3,152593935,152595366
3,152605052,152807364
3,154540480,154840934
3,155322887,155331770
3,155462385,155467261
3,155763431,155780652
3,156374386,156375902
3,156457035,156631211
3,157372377,157536895
3,159056551,159074497
3,160633233,160662373
3,160837450,160885328
3,161524601,161708144
3,161732205,161875982
3,161998386,163232197
3,163687394,163704312
3,163884661,164265950
3,165323075,165415009
3,165545908,165581306
3,165596587,165602353
3,166320721,167750849
3,167797985,167955599
3,168571226,168785322
3,169398034,169422540
3,169636158,169875084
3,170231310,170233405
3,171671599,171686688
3,172605161,172612427
3,173422205,173727587
3,173781157,173787077
3,175000333,175179508
3,175225808,175231895
3,175351928,176002077
3,176075262,176315811
3,176976744,176998130
3,177555080,177712520
3,179570491,179572305
3,179970997,179974153
3,181133808,181288854
3,184136656,184622115
3,185395377,185400905
3,186619345,186849537
3,186856503,186880420
3,186891945,187066496
3,187869052,187882571
3,188360726,188682623
3,189277704,189282215
3,189644150,189653225
3,190019565,190023232
3,190515511,190525664
3,191219045,191561318
3,191631122,191675108
3,192214236,192231416
3,192369962,192376955
3,192632122,192782764
3,192881547,192891927
3,193059730,193064775
3,193078588,193249945
3,193405870,193444915
3,193516111,193685857
3,194772106,194937813
3,195065441,195068286
3,195382058,197770997
3,197934201,197937469
4,14287,257127
4,264408,434413
4,609419,937566
4,1623665,1813048
4,2093111,2094363
4,2418126,2419262
4,3392617,4349259
4,4412197,4414133
4,5581139,5645560
4,6210022,6384370
4,6539150,6542702
4,6606103,6619264
4,6895558,6898607
4,6986421,7400557
4,7711850,7712952
4,7956972,8149540
4,8170338,8319141
4,8319448,8506679
4,8520446,10313472
4,10342075,10544176
4,11659618,11670618
4,12362715,12384946
4,12495551,12657766
4,13250524,13290677
4,13998133,14161770
4,15442993,15747897
4,17463230,17465690
4,17533621,17586697
4,17739572,17742168
4,19085897,19185199
4,20501272,20679333
4,21159380,21165490
4,21170842,21179372
4,21371423,21374194
4,21831686,21837532
4,21871581,21978936
4,22009958,22229095
4,22425451,23029612
4,23127993,23130195
4,23267744,23271449
4,23273543,23312589
4,23446043,23488189
4,25500435,25506236
4,25704199,25738584
4,26073635,26078552
4,26160935,26336691
4,26454645,26460263
4,26954330,26955835
4,27234034,27354403
4,27930295,27934709
4,28231682,28236376
4,28542336,28837815
4,28938521,28961306
4,29122460,29139903
4,29208129,29372383
4,29427171,29434148
4,29522020,29689455
4,30127162,30285822
4,31068317,31074784
4,31613503,31800324
4,32064256,32072893
4,32296821,32303276
4,32398708,32569327
4,33359590,33396483
4,34102688,34472909
4,34635149,35092722
4,35152764,35298962
4,35549227,35551918
4,36026234,36186441
4,36811649,36996843
4,39692694,39736585
4,39826035,40047821
4,40258045,40262462
4,40533010,40778347
4,41072682,41242403
4,41404037,41405868
4,41630942,41645290
4,41744516,41746501
4,42086040,42091535
4,42191252,42193520
4,42704043,42707508
4,43107726,43208471
4,44585855,44589660
4,44958427,45031555
4,45825057,46033502
4,46053988,46056192
4,46200781,46203011
4,47434122,47676426
4,48318578,48326387
4,48465677,48637325
4,51793952,52073513
4,52153357,52173940
4,52339038,52532883
4,52762565,52767962
4,53048696,53050740
4,53585008,53617402
4,54080772,54084959
4,54970797,54991726
4,55661656,55668873
4,56284319,56286525
4,56666179,56680805
4,57187251,57788857
4,60265440,60451531
4,60464389,60467467
4,60929127,61102438
4,62803857,62809460
4,62809659,62811478
4,63008044,63017144
4,63773943,64369978
4,64378898,64381259
4,64638996,64648376
4,64952450,64978122
4,65582828,65694176
4,65706280,65780463
4,66839360,66846179
4,67911288,68163195
4,68304361,69548454
4,69599853,69608620
4,69632902,69635828
4,70137545,70289392
4,70350067,70455756
4,71602468,71608492
4,72485460,72563880
4,72817301,72904661
4,73616266,73618301
4,74076694,74079457
4,74363510,74365668
4,75570204,75574389
4,76343443,76534252
4,76547961,76557226
4,76858942,76872818
4,77236135,77292912
4,78223300,78370714
4,78438024,78440013
4,79188024,79189145
4,79520954,79547621
4,79966909,79972953
4,81703875,81707320
4,82008161,82010251
4,82015497,82017154
4,82708921,82711989
4,82791248,82795809
4,83500542,83557306
4,85733082,85734636
4,85750517,85755646
4,86055234,86058799
4,86154606,86217612
4,86496138,86768380
4,86963191,86969879
4,87317592,87320382
4,87347109,87353163
4,87562732,87565160
4,87741338,87794172
4,87997399,88291967
4,90250639,90276641
4,90697246,90847496
4,90993264,91019878
4,91025513,91224963
4,91551690,91554104
4,92589807,92764784
4,92936093,92938403
4,93517600,94195439
4,94275908,94282206
4,95813268,95825952
4,96588415,96887941
4,97054463,97059703
4,97434574,97436791
4,100056081,100106763
4,100478827,100560505
4,101741542,102087783
4,102859548,103136164
4,103213682,103421238
4,103437774,103576896
4,103812686,103842755
4,104586033,104592178
4,104713331,105109777
4,105229667,105233383
4,105975874,105979769
4,106364990,106456277
4,106844703,106849180
4,107138872,107159777
4,107206672,107210577
4,107248867,107255833
4,107271583,107285474
4,107355540,107358347
4,107498291,107656492
4,108020018,108026935
4,109919585,109924582
4,110791455,110797467
4,111052293,111065025
4,111253971,111259430
4,111343934,111361181
4,111370715,111391134
4,111628520,111633490
4,113433086,113440730
4,114085964,114254068
4,114257086,114261134
4,114333262,114338492
4,114420923,114669169
4,115160435,115261544
4,115343092,115530641
4,115987555,116001810
4,116601155,116699723
4,116903641,117080758
4,117557693,118753587
4,118882610,118890697
4,120025745,120032335
4,120208421,120221722
4,121355721,121370367
4,122065276,122071635
4,122801757,122803016
4,123290071,124458192
4,124716785,124728466
4,125429894,125476979
4,126099220,126103083
4,127735888,127743130
4,127768781,127782795
4,128839295,128961897
4,129132480,129137018
4,129141187,129144336
4,129145604,129147248
4,129153328,129159046
4,129359676,129361781
4,129581423,129602124
4,130241840,130257312
4,130570650,130714898
4,130940922,132084329
4,132184547,132376994
4,132473841,132626580
4,133002540,133126427
4,133193922,133337474
4,134002879,134257197
4,134511853,134514546
4,134718355,135024828
4,136756473,136759196
4,137033711,137093173
4,137169614,137182159
4,137204104,137375978
4,137619094,137791943
4,138045058,138046064
4,138223374,138399911
4,138558140,138564336
4,139393508,139586168
4,139781531,139790216
4,140069705,140074177
4,141144507,141446797
4,141773926,141963835
4,142368317,142369587
4,142867411,142880194
4,143364530,143374799
4,143427140,144210439
4,145026988,145034523
4,145354527,145364310
4,147707559,147710461
4,148130842,148134643
4,148741540,148749498
4,149344702,149351322
4,150239045,150268645
4,150771997,151148414
4,151855119,151888586
4,153628435,153777749
4,154496374,154499143
4,154687195,154695220
4,155514112,155516989
4,155663245,155693802
4,155946309,155970334
4,156042540,156046743
4,156384068,156385895
4,157230735,157461136
4,157629167,157676339
4,158106226,158107339
4,158852459,159049591
4,160033907,161154936
4,161272650,161314723
4,161456617,161638558
4,161813465,161986813
4,162472854,162475270
4,163030258,163053647
4,164610878,164612773
4,164727720,164729597
4,164788507,164797465
4,164880664,165055198
4,165329653,165330715
4,165916481,166341473
4,166970345,167269840
4,167317386,167641857
4,167677174,167684502
4,167813440,168176277
4,168183030,168188572
4,168733906,168738598
4,168768097,168774727
4,170202460,170366804
4,171346108,171374106
4,171403183,171446460
4,172067489,172078665
4,172497168,172517655
4,172528190,172530891
4,172877619,172883176
4,173563928,173568903
4,176112495,176568085
4,177244315,177484220
4,177672114,177690754
4,178216086,178217333
4,178319485,178325277
4,179367967,179403460
4,179778557,179953000
4,180194929,180227736
4,180396165,180402105
4,180546560,180551252
4,180955634,180957151
4,181080322,181081644
4,181238317,181244935
4,181422227,181423994
4,181710327,181728658
4,182637163,182821194
4,184165693,184387797
4,185391971,185553542
4,186138911,190009739
5,17263,2638982
5,3576505,3787400
5,4357699,4555418
5,4980763,5184502
5,5446985,5764507
5,7134901,7202980
5,7229140,7463962
5,7693437,7699081
5,8701808,8790434
5,9757988,9795475
5,9797880,10272597
5,10277686,10279346
5,10638986,10640132
5,10771224,10921664
5,12034192,12208328
5,12780830,13403463
5,13517695,13540327
5,15309875,15333744
5,15678447,15810878
5,17078734,17085678
5,18151183,18329590
5,18657028,19210130
5,19375186,19376298
5,19546094,19722663
5,20360800,20641683
5,21149044,21713081
5,21778632,22163809
5,22836242,22839352
5,23288478,23304802
5,24370419,24373342
5,24528215,24578029
5,24775054,24791271
5,25894182,25901281
5,25996117,25999524
5,26755177,26934771
5,29065138,29078012
5,31296170,31470021
5,31716573,31724372
5,32028826,32738538
5,33521973,33548909
5,33985741,33988690
5,33989467,33994643
5,34046126,34369764
5,35785416,35955981
5,36047695,36146064
5,37288769,37294005
5,40023272,40178070
5,40873976,41009180
5,41201302,41350458
5,41901281,41909728
5,43951328,44150753
5,44279599,44281920
5,45067672,45250655
5,50149527,50231991
5,50452518,50762348
5,51893234,51926928
5,52565077,52578870
5,52751315,52941529
5,53476450,53481462
5,54061529,54065560
5,54267904,54271905
5,55212132,55214143
5,55492810,55655813
5,55659390,55662897
5,55685067,55763164
5,55886292,55891761
5,56110251,56112504
5,56357246,56376272
5,56617080,56624687
5,57829993,57839223
5,58025111,58043719
5,58384175,58390283
5,58660031,58663681
5,58854976,59100421
5,60193841,60200350
5,61105090,61108673
5,62107311,62453085
5,62559943,62561275
5,62645216,62655589
5,62735538,62806516
5,65594388,65605826
5,65910647,66032995
5,67062097,67255051
5,68838917,68843388
5,69272838,71500057
5,71501287,71671283
5,72603495,72777154
5,73198243,73377627
5,74893670,75042119
5,75137935,75315889
5,75393624,75395555
5,76131038,76178955
5,76315772,76347149
5,76371955,76373545
5,76940165,76942433
5,78814086,78815879
5,80366313,80374244
5,80551016,80731513
5,81613992,81784590
5,81898350,82218918
5,83645492,83648283
5,84015545,84020076
5,84868720,84881908
5,85125864,85153559
5,85703345,85873503
5,86112424,86255708
5,86689164,86888920
5,87074050,87076865
5,87335445,87338536
5,88083064,88086249
5,88411153,88415640
5,89374167,89564566
5,90140591,90156020
5,91659705,91839455
5,93179320,93511639
5,94172700,94182250
5,94429500,94706496
5,94950964,94952171
5,95558328,95580291
5,95896002,96330606
5,97114878,97173590
5,97553627,97679750
5,97692725,97802443
5,98059804,98280385
5,98501922,98508527
5,99261870,99553890
5,99820296,100547667
5,101172022,101454818
5,101814850,101875133
5,101956779,102026878
5,102461539,102623087
5,102800208,102923463
5,104148083,104297867
5,104516969,104647796
5,104862558,105490017
5,106891408,106923049
5,107156025,107216110
5,107825996,107829477
5,108002205,108005093
5,109259374,109265420
5,109856535,110003391
5,110031063,110039996
5,110306159,110816440
5,111082177,111107582
5,111685326,111692328
5,112775111,112902598
5,112940950,113019971
5,113418427,113420140
5,114230620,114233130
5,114678132,114680159
5,115118168,115271462
5,115361563,115401886
5,115420802,115422209
5,116180022,116207926
5,116243113,116297777
5,116790792,116792322
5,116850051,116852646
5,117944441,118606552
5,119115873,119138967
5,119220168,119332053
5,120638144,120923321
5,120938500,120994778
5,121044830,121513065
5,122962008,123950492
5,124125370,124127405
5,124561249,124566789
5,125715170,125952216
5,127813307,127964251
5,128071752,128075228
5,129260045,129676313
5,130735341,130952512
5,131103304,131256219
5,134825197,134984298
5,135829912,136139310
5,137686890,137688213
5,138469895,138501682
5,138510389,138512197
5,140709216,140717392
5,140777355,141449115
5,143258702,143320030
5,143355504,143359925
5,144133313,144135482
5,144794227,144980680
5,145106679,145115279
5,147050280,147159937
5,147889763,147899147
5,148259666,148309005
5,148547578,148554415
5,149745792,149747571
5,150445030,150906180
5,151093381,151097619
5,151226284,151227309
5,152076853,152082886
5,152133822,152143303
5,153702453,153913353
5,153922879,153923942
5,155461561,155487305
5,155953687,156188888
5,156594801,156596564
5,157570600,157806036
5,158188269,158191118
5,159254282,159262823
5,159527254,159760189
5,161111554,161267212
5,162498599,162524480
5,162726966,162732192
5,165795695,165974944
5,166411024,166423045
5,166587371,166588599
5,168842488,168844896
5,169360755,169361931
5,169457567,169459722
5,169956054,169961978
5,171893448,171897761
5,172113419,172308268
5,172527340,172788409
5,173032257,173041270
5,173545734,173547751
5,173575619,173578484
5,174366687,174386345
5,174590360,174598830
5,175287892,175290886
5,175353913,175363158
5,175516476,175693143
5,175919625,176337365
5,177191316,177375443
5,177709259,177741504
5,178185292,181248022
6,60001,775274
6,951144,1008253
6,1069668,1248815
6,2527169,2631874
6,2989348,3015823
6,3716183,3718041
6,3724160,3727646
6,4100099,4377162
6,4745194,5072988
6,5855390,6042271
6,6906484,6910431
6,6994317,7034833
6,7056029,7059778
6,7438837,7503552
6,7504139,7540911
6,7629344,7633044
6,7726210,7729017
6,9006677,9008266
6,9537898,9545463
6,10443564,10642899
6,10906617,10907892
6,11679520,11822118
6,13804815,13809727
6,15668636,15725247
6,16220570,16222645
6,16873040,16912307
6,17406414,17408659
6,17597792,17767811
6,18508929,18533156
6,18983727,19018666
6,19037901,19058461
6,19825466,19993639
6,21767389,21770805
6,21987198,22018765
6,23465852,23644177
6,23891083,23916583
6,24325342,24327286
6,24331481,24334252
6,24395537,24414908
6,24734967,24736451
6,25039146,25198884
6,27703138,27715793
6,28076568,28081265
6,28108108,28112988
6,28206220,28380256
6,29001153,30007367
6,30676916,30848542
6,31060513,31574531
6,31903735,32241336
6,32399377,32737657
6,32740718,32745309
6,32882975,33031503
6,33117408,33128240
6,33176631,33177648
6,33440765,33453800
6,33505164,33619949
6,33969411,33976237
6,34349761,34350770
6,34414715,34746900
6,35200339,35323225
6,35495964,35838727
6,36297702,36301858
6,36475459,36478094
6,36571587,36573658
6,38324054,38422903
6,38621193,38743309
6,40397770,40401112
6,41621051,41731715
6,44912054,45089021
6,45917905,45919684
6,45958907,46082445
6,46633858,46639335
6,46713666,46715740
6,46732445,46960334
6,47339288,47493663
6,47722331,47739304
6,47912414,48060943
6,48419978,48598920
6,50551626,50700128
6,51393531,51576053
6,51874771,51880808
6,52757306,52801443
6,52928056,52996406
6,53974575,54142551
6,54786558,54795447
6,57088954,57095326
6,57319743,60594857
6,60650693,60665247
6,58448438,58451246
6,61323153,61341728
6,61771572,61871237
6,62214818,62218307
6,62801974,63275984
6,64252516,64391933
6,65192329,65201814
6,65405259,65424855
6,65550135,65552140
6,65578781,65588239
6,65644495,65743655
6,66139360,66434009
6,66512321,66604602
6,66954673,66978390
6,67051553,67094523
6,67446548,67816618
6,68885600,68888459
6,69499213,69616133
6,70354968,70417294
6,70814248,71964562
6,72087810,72106937
6,72187496,72196580
6,72820530,72978313
6,73648562,73665276
6,73670008,73672235
6,73857898,73915340
6,74252280,74452506
6,74816023,74915535
6,75483114,75485998
6,76304792,76330553
6,76402140,76581506
6,76708370,76766946
6,77390303,77573325
6,77627238,77871113
6,78086163,78483751
6,79538578,80256766
6,80555778,80594494
6,81103959,81125560
6,81388343,81451404
6,82096941,82246610
6,84023580,84086850
6,86696427,86716370
6,86746785,86935496
6,87108165,87283239
6,87344469,87513907
6,87649270,87731755
6,88381018,88552199
6,88673208,88680795
6,90698935,90861754
6,91108790,91289030
6,92253736,92497458
6,92642291,92659937
6,92864178,92961956
6,93111066,93113646
6,94421982,94684970
6,95958383,96095800
6,101484250,101505679
6,102700861,103054773
6,103263583,103457522
6,103985151,104158256
6,104474824,104504000
6,104748215,105252089
6,105895514,105899318
6,106996980,107196871
6,107710139,107711182
6,108166610,108342502
6,109537618,109672696
6,110068723,110183477
6,111243070,111266063
6,111903224,111908455
6,112830861,113064488
6,114236596,115321521
6,115467214,115640492
6,117110061,117306112
6,117410014,117419303
6,118930806,118939115
6,120313864,120509817
6,120646131,120708803
6,122402790,122562992
6,122734793,122736308
6,123887677,123972440
6,124335391,124337575
6,127562979,127577160
6,127889255,127994722
6,128521047,128523686
6,128952523,129121810
6,129416276,129418192
6,129419446,129465446
6,129694920,129833666
6,131199975,131414180
6,131995421,132000843
6,133123580,133306226
6,134154366,134164094
6,134302993,134390005
6,136036916,136045837
6,136438797,136588526
6,137028109,137034686
6,137138391,137252201
6,137551188,137599844
6,139120364,139125183
6,139281300,139285930
6,140636209,140736218
6,140962836,140965401
6,142648998,142795380
6,143498872,143503967
6,143595484,143758839
6,144253455,144410494
6,145891149,145909318
6,146302379,146502695
6,147614883,147621785
6,147945617,147950695
6,148122842,148125395
6,148280368,148427671
6,149660921,149680915
6,150196275,150370037
6,150939703,150947987
6,150967072,151860891
6,152708837,152712654
6,152742157,152913595
6,152922540,152925105
6,153798793,153973314
6,154265129,154278043
6,154389602,154436742
6,154797351,154803775
6,155411105,155412348
6,157547711,157648518
6,158207173,158228321
6,158257838,158337469
6,158993979,158998545
6,159016002,159017828
6,159227416,159392300
6,159582799,159812908
6,159951212,161021345
6,161182104,161187873
6,161514644,161515677
6,161628725,161990218
6,162069906,162086658
6,162102803,162824781
6,163571032,163740871
6,164132582,164323158
6,164328435,164330581
6,164593443,164817715
6,165660093,165665266
6,165728153,165885447
6,166585503,166586692
6,167086890,170716405
7,13709,2567300
7,3246993,3520597
7,3562716,3590717
7,4299782,4399606
7,4552984,4707020
7,5425302,5665527
7,5777366,5800981
7,5801317,5993010
7,6711141,6950412
7,7170280,7454270
7,7796269,7797691
7,7819617,7840591
7,7925688,7928875
7,7947313,7948601
7,8732247,8844447
7,8983936,9482381
7,9765863,9886594
7,10464673,10466506
7,11255264,11312647
7,11656802,12843925
7,12935590,12940256
7,12984553,12988039
7,13060410,13112537
7,13399317,14515263
7,14857252,15260161
7,15976238,15988264
7,16132149,16134447
7,16196537,16487765
7,16833950,17491855
7,17808857,17994595
7,18216061,18416061
7,18691144,18866833
7,19038592,19137875
7,19139163,19170496
7,19187568,19222341
7,19356523,19581339
7,20379295,20380665
7,20389530,20391337
7,20402128,20404628
7,21028334,21029482
7,21449482,21648398
7,22715965,22881291
7,23096868,23108221
7,23680437,23840703
7,23975099,24150502
7,24256388,24282719
7,27406056,27409064
7,27753997,27933250
7,28330887,28553621
7,29473484,29482825
7,29608737,29895756
7,31855657,31863168
7,35502543,35687194
7,35784616,36080828
7,36334546,36337098
7,37023952,37089090
7,37559110,38483855
7,40020581,40229984
7,40344431,40457679
7,43865998,44201624
7,45129807,45319056
7,46834137,46842602
7,46947413,47125241
7,47437709,47446688
7,47689344,47718094
7,48870534,48940866
7,49125736,49127349
7,49326018,49523868
7,52527617,52528829
7,53265331,53515461
7,53784475,53790358
7,53907621,54068667
7,54212211,54324566
7,55219051,55221383
7,55922545,55927896
7,56370532,56371232
7,56696528,56700464
7,56714611,56897793
7,57295899,57899868
7,57935691,57954965
7,64249361,65908864
7,66377989,66379537
7,66936443,67571354
7,67801771,67810447
7,68989385,68997669
7,69947518,70129175
7,70863171,70892075
7,70955984,70973901
7,72446485,73461568
7,73752034,73952617
7,74282956,74405915
7,77947856,77954842
7,78919005,79088289
7,79167594,79258609
7,79632148,79798330
7,83591138,83830796
7,84068861,84134993
7,85524006,85688726
7,85790740,85989253
7,87026522,87173406
7,88457714,88700055
7,88784071,89521007
7,89770638,90227330
7,90242751,90245917
7,90591600,90593242
7,91388391,91416419
7,91565861,91606690
7,91746323,91759521
7,92846513,92848732
7,92850458,92889310
7,93054866,93058990
7,93696748,93705134
7,93787630,93793693
7,94019946,94326277
7,94543833,94955318
7,96822040,96864798
7,97732472,97754008
7,97756261,97793986
7,97846972,98018717
7,99221950,99529961
7,99967985,100157508
7,100410077,100491479
7,101628579,101814658
7,101960724,102138625
7,102257460,102813616
7,103904845,103947705
7,104821040,104841874
7,104986243,105007124
7,105117803,105568045
7,105945220,105946995
7,106851232,106863359
7,107083363,107088274
7,108146205,108370752
7,108892362,109108531
7,109769923,109967562
7,110123539,110272175
7,110534787,110545174
7,110883242,111147793
7,111160855,111667806
7,111932964,113128573
7,113776122,113782167
7,115877995,115915261
7,115944041,115945140
7,116277964,116312979
7,116929873,116933481
7,117380927,118458478
7,119185056,119328916
7,119500596,119531762
7,119945115,120136565
7,120910613,120922259
7,121268405,121353272
7,121419817,121449901
7,121843802,123677086
7,124317322,124449132
7,124772832,124791668
7,125142819,125614149
7,125931365,126254811
7,126406511,126409219
7,126854735,127037789
7,127132508,127141520
7,127488510,127491975
7,128160012,128299408
7,128330292,128507856
7,128770183,128955888
7,129799008,129806819
7,129864572,129873032
7,130119866,130128897
7,131036997,131186099
7,132024315,132237104
7,132636931,132859723
7,133959616,134169696
7,134375414,134383336
7,137235266,138283104
7,138697293,138699305
7,138953648,139242593
7,140483185,140517870
7,141381952,141396247
7,141920676,141926722
7,143153190,143166897
7,143450682,144671545
7,145219789,145224305
7,147271348,147294244
7,148158242,148164611
7,148294051,148296545
7,148375772,148379231
7,148991061,148998082
7,149744501,150259326
7,150531607,150549896
7,150554861,150766716
7,150841733,150966609
7,151038118,151215789
7,151857409,151861528
7,153146979,153153039
7,153304088,154114753
7,154833738,154996112
7,155093114,155097835
7,155113398,155165221
7,155166994,155181245
7,155711162,155716316
7,155889038,155922387
7,156366694,156633173
7,157287575,157298790
7,157325912,157329199
7,157513790,159335839
8,90472,3705757
8,3706722,3709093
8,3742002,6302333
8,6315833,6391437
8,6504868,8553635
8,8850129,8890384
8,9127369,9128766
8,9191871,9213463
8,10419833,15907197
8,16058880,16163959
8,16330049,17108753
8,17433671,17784021
8,18216369,18263220
8,18991998,19022344
8,19882678,20015571
8,20129060,20172092
8,20371438,20657296
8,20675533,23254096
8,24203243,24391933
8,24642997,24652865
8,25068032,25077079
8,25105595,25136190
8,25209163,25213143
8,25411509,25564618
8,25823806,25943866
8,26708253,26723651
8,27544615,27548292
8,27802634,27805287
8,27855105,27858362
8,28219629,28228782
8,28250538,28256876
8,28277701,28287397
8,29613668,29615128
8,32291884,32293107
8,32474675,32484599
8,32632568,32634099
8,32781207,32785676
8,32803685,32847939
8,33571718,33575152
8,33576714,33578388
8,37181115,37190716
8,37806543,37811168
8,38175682,38180522
8,38250615,38252697
8,38508989,38670247
8,39316760,39740120
8,40203444,40211830
8,40322713,40335895
8,40584230,40598973
8,40612241,40614284
8,41263701,41370939
8,41430806,41772887
8,42182389,42191999
8,42315923,42324521
8,42332872,42336834
8,42414652,42424106
8,43451003,43845969
8,46168570,46329019
8,46466845,46653658
8,47875732,48095454
8,48109260,48110903
8,48193600,48377649
8,49288115,49290440
8,49502674,49744792
8,49960733,50225435
8,50327212,50510284
8,50837480,50970847
8,51546276,51726408
8,52748233,53088532
8,53240422,53248798
8,53562029,53824913
8,53867614,54379979
8,54452024,54461327
8,55595177,55597345
8,55707094,55812437
8,56503843,56511114
8,56706147,56716663
8,57017833,57561890
8,58392731,58429772
8,58576434,58585317
8,59150412,59375717
8,60071654,60109284
8,62243564,62347623
8,62859522,62866890
8,63171772,63382383
8,63745671,63799781
8,63936893,63938124
8,64203320,64205248
8,65076595,65250818
8,65536923,65538305
8,65620809,65623012
8,65719497,65723541
8,65724921,65726877
8,65734895,65739501
8,67077766,67081191
8,67629615,67641978
8,68924578,69031125
8,69732271,69782701
8,70035043,70049194
8,70201058,70203261
8,71302481,71305770
8,71842768,71848488
8,72170660,72176774
8,72379726,72383019
8,72687097,72690402
8,72711408,72723719
8,72875531,72881588
8,73389640,73399189
8,73648473,73649869
8,74820141,74835241
8,75125863,75358099
8,75774829,75982439
8,76425151,76426195
8,76624684,76631160
8,77020584,77026615
8,78709999,78876112
8,78888177,78902873
8,79176156,79335232
8,80561699,80564800
8,80964174,80970124
8,81467718,81468888
8,81842344,81846475
8,84345305,84359409
8,84665187,84814076
8,85143090,85144835
8,86535165,87905020
8,87951601,88121475
8,89080845,89082894
8,89092614,89098720
8,89187306,89232852
8,89309418,89327113
8,89988558,90317441
8,90962271,91261496
8,92531465,92700698
8,93031314,93892898
8,94546466,94559215
8,95453283,95461685
8,95793626,95802838
8,95811483,95834745
8,96639097,96643237
8,99016620,99357601
8,99391923,99826396
8,101380818,101390277
8,101586091,101592100
8,101597246,101637453
8,102041871,102042991
8,102346339,103055944
8,103356167,103362056
8,104065350,104067261
8,104561148,104734101
8,106074191,106079983
8,106209476,106217834
8,106420760,106430028
8,106844987,106853621
8,107492591,107494135
8,108765426,108769950
8,110367997,110369457
8,110566720,110742941
8,111281824,111284911
8,111299079,111306357
8,112973731,113214470
8,113527571,113531559
8,113563474,114309728
8,114621661,114631124
8,114747774,114753444
8,115867282,116169362
8,116611480,116633448
8,118069823,118299944
8,118931070,119263510
8,120753461,120816679
8,121652498,121662120
8,122046380,122049101
8,122058295,122065397
8,125391182,125397660
8,125404037,125408363
8,125581221,125627009
8,125935617,125942793
8,127702604,127875740
8,128452908,128459035
8,128552179,128703526
8,129743567,129773153
8,129969032,129970428
8,130838505,130840492
8,132008875,132018174
8,132389103,132672643
8,132885272,132888286
8,132994655,133137834
8,133155437,133168229
8,133626095,133814835
8,134049038,134050331
8,134059873,134107192
8,134131361,134162624
8,134239650,134241583
8,134658351,134667492
8,134894297,135073571
8,136355983,136369083
8,136504546,136958987
8,137804897,137807199
8,137874552,137884198
8,137969032,138032903
8,139245685,139246954
8,139320383,139349083
8,139955330,139967000
8,140473036,140474703
8,140992798,140994094
8,142381079,142601067
8,142661317,142830774
8,143038630,143039884
8,143202119,143230416
8,143293731,143295333
8,143569395,143670330
8,144076281,144230741
8,144300010,144544026
8,144553117,144686487
8,144924001,145068028
9,31994,1529128
9,2330643,2397564
9,2965090,2985743
9,4008954,4022297
9,4527262,4528816
9,5109531,5203054
9,5288908,5454512
9,6324376,6331421
9,6576991,6845561
9,7175387,7482982
9,7524075,7561271
9,8087348,8095433
9,9445270,9974221
9,10188450,10370398
9,10512307,10590179
9,10639445,10680025
9,11512989,11711989
9,11793343,12197607
9,12235048,13127739
9,14596659,14739904
9,14778631,14780433
9,15230018,15411788
9,15720061,15737101
9,16063193,16082469
9,16641968,16809205
9,16903852,16918198
9,17146371,17308496
9,17396713,18930057
9,19126478,19161147
9,20756548,20763841
9,20996710,21016930
9,21181455,21199681
9,21281545,21306319
9,21499625,21526527
9,22303834,22305011
9,22464893,22468767
9,22496612,22502633
9,22544002,22547732
9,22628932,22696346
9,23363149,23378123
9,23769756,23775451
9,24467700,26475738
9,28444245,28850776
9,29135950,29309830
9,29364013,29527898
9,29794956,30073520
9,30089861,30094421
9,30209652,30431509
9,30551597,31207030
9,32044920,32065696
9,32095085,32117177
9,33001451,33024919
9,33423364,33424656
9,33617648,33760744
9,33804008,33819557
9,34644301,34650282
9,35327932,35507322
9,35984363,35988831
9,35999410,36001879
9,36882144,36900820
9,37052702,37056907
9,37777288,37950154
9,38489359,38498348
9,68619929,69048424
9,69397929,69519460
9,70014312,70022844
9,71641937,71647284
9,74643343,74813381
9,76057288,76127310
9,76750949,77058991
9,77155482,77175628
9,78814393,78859168
9,80752718,82292739
9,83064511,83184075
9,83799109,83988687
9,84933732,84937756
9,85509239,85663522
9,86493392,86499847
9,87344686,87347184
9,87403812,87810065
9,88067030,88074346
9,88338598,88340095
9,89545248,89723819
9,90876302,90881679
9,90926453,90936040
9,91633777,91638476
9,93072201,93075514
9,93601047,93780722
9,94071760,94279727
9,94423310,94453930
9,95686601,95690282
9,96551131,96553360
9,96678652,96679960
9,96849686,97038310
9,97170993,97175640
9,97624164,97653558
9,98262580,98605410
9,99805894,99985004
9,101875668,102175994
9,104016526,104026100
9,104051184,104078125
9,104597521,104622113
9,104867939,104885846
9,105161242,105350532
9,105533441,105541288
9,106388349,106593797
9,107271174,107273176
9,107775257,107778331
9,109423130,109612496
9,110262610,110267581
9,111037162,111040140
9,111073939,111075691
9,111298431,111303006
9,111815661,111823808
9,111946568,111947783
9,112478174,113240671
9,114030664,114604363
9,116762382,116778355
9,116814055,116815804
9,117177110,117185891
9,117186643,117189906
9,117340362,117346010
9,117934441,118118183
9,119483433,119492691
9,119526909,119541336
9,120061892,120067376
9,120491423,120708811
9,120885919,121080717
9,122000498,122002944
9,122245830,122250068
9,122919861,122929690
9,123950306,123981279
9,123987291,124020726
9,125980585,126003610
9,126113678,126274679
9,126593418,127067271
9,127456179,127458404
9,128701967,128710496
9,128939673,128943028
9,129264407,129265790
9,129837689,129860487
9,130002038,130003923
9,130553597,130556146
9,130715149,130719732
9,130862179,131153174
9,131336801,131338692
9,131395735,131603563
9,131747194,131755528
9,132521785,132530154
9,133067780,133081309
9,133305961,133330043
9,133566479,133594593
9,133676623,133915151
9,134109143,134112472
9,134353814,134376080
9,134402237,134500828
X,382794,733500
X,1703008,3276324
X,3279093,3281385
X,3308292,3328686
X,3760913,3935088
X,4105333,4872646
X,4872846,4882176
X,5137303,5139458
X,5846158,5865815
X,6220212,6229449
X,6361478,6948297
X,7029668,8034821
X,8052397,8123883
X,8204266,8210647
X,9361050,9532380
X,10083096,10263971
X,12002067,12030530
X,12196912,12206200
X,15640647,15705881
X,16454282,16460304
X,16585228,16592399
X,16689389,16690685
X,17168537,17193555
X,18223634,18231798
X,18661048,19128069
X,21948457,21950433
X,22850584,22971448
X,27973414,31578850
X,32537688,32543293
X,33190788,33324676
X,33821012,33823407
X,34025223,34053483
X,37048065,37049751
X,37991773,37995368
X,38720671,38751854
X,39813710,39914493
X,40117374,40692316
X,40891487,43157518
X,44121025,44126931
X,47627159,47629594
X,47907511,49320261
X,49918651,49996249
X,56712636,56861315
X,56925030,56929603
X,57070518,57151128
X,57605940,57863974
X,58168849,58173812
X,58437041,58456814
X,62982268,63326182
X,64289673,64916809
X,67018503,68099252
X,70420685,72080566
X,73984166,74071600
X,76849318,76931325
X,77969413,78197005
X,79690952,79693338
X,79835836,79849004
X,80210842,80305703
X,80734119,81114642
X,82140891,82156520
X,83548385,83636175
X,83912027,84085786
X,85507156,85513202
X,85932135,85945124
X,86070508,86077309
X,89739590,90008368
X,90199517,90612632
X,90642339,90653532
X,90896837,91191237
X,91716457,91723329
X,92991040,93168761
X,93541301,93546508
X,94146574,94148900
X,96282357,96291793
X,97674900,97800619
X,98964295,98970061
X,101610332,101640188
X,103827471,104210380
X,105058324,105170354
X,105631054,105684238
X,106286373,106451455
X,106923211,107032675
X,109535772,109737663
X,110338543,110468253
X,110695977,110697931
X,113685854,115879411
X,116093882,116232733
X,116637196,116967384
X,118464556,118474062
X,119823476,120195131
X,120267570,120449094
X,121118175,121125030
X,121271353,121276916
X,122917980,123081743
X,123830966,124028715
X,126448507,126598883
X,126716368,126718908
X,128009089,128159710
X,128850140,128858635
X,129187378,129193229
X,129563598,129830109
X,131520019,131521948
X,135001656,135464387
X,136599802,136608264
X,137901320,138376713
X,140535377,140592920
X,140904098,141745811
X,141892893,142017389
X,142383820,142385509
X,142781914,142980929
X,143533001,143558174
X,144072943,144074107
X,147042391,147707185
X,147764991,147766409
X,147931085,148070292
X,149418305,149434091
X,149487358,149489104
X,149563728,149568762
X,151708428,151710026
X,155820464,155979195
Y,6087758,6458411
Y,7827590,8130027
Y,12197855,12365053
Y,17665317,17828776
Y,18512940,18843178
Y,21245438,26639204
Y,56681967,56746296
