1	10377	1018704
1	1093942	1319872
1	1324529	2024338
1	2072487	3765424
1	5127270	5168845
1	5289767	5536678
1	5872942	5945551
1	5949469	6123057
1	6189351	6324478
1	6489387	6665403
1	6702151	6803747
1	7489997	7688059
1	7856397	7864940
1	8203407	8354157
1	8577616	8581235
1	8746272	8916640
1	9166576	9274632
1	9332703	9394008
1	9762596	9766108
1	10238070	10582554
1	10704688	11055147
1	12143538	12340962
1	12599168	13877055
1	14305082	14372400
1	14679200	14720939
1	15500879	15510662
1	16127480	16155107
1	16364027	16389792
1	16739953	17543122
1	17675515	17677114
1	18281915	18489101
1	21428069	21431373
1	21736184	22050482
1	22131944	22412857
1	22600080	22608663
1	22904488	22905585
1	23082023	23263410
1	23891060	23895251
1	24003478	24006906
1	24958744	24967010
1	25158704	25161525
1	25445510	25463851
1	25542857	25697806
1	27156675	27320993
1	29077612	29079870
1	30706335	30741656
1	31676450	31678169
1	31682380	32466331
1	33119261	33124151
1	33870800	33877060
1	35089540	35114591
1	35884305	35893554
1	36620139	36887088
1	37942158	38054381
1	39128601	39137655
1	40225143	40732080
1	41021685	41028623
1	41398761	41399969
1	43917409	43933689
1	44091853	44094209
1	44487399	44653104
1	44772309	44947790
1	46272879	46506424
1	46813543	46820327
1	47776231	47777354
1	48725431	48732780
1	50485009	50488286
1	52025544	52029724
1	52305835	52541699
1	53126015	53390945
1	53488564	53532117
1	53645563	53724439
1	53818933	53820273
1	53918552	54029236
1	55088898	55106625
1	55269651	55308609
1	55719011	55731733
1	57515877	57635654
1	59327302	59491175
1	60129026	60151976
1	61959505	61963369
1	62113790	62119230
1	62163234	62165136
1	62419727	62448245
1	63482042	63486347
1	64677148	64776396
1	65187509	65192585
1	66169679	66185403
1	66257416	66272136
1	66829256	66831350
1	67079017	67080809
1	67712674	67834962
1	68452192	68476978
1	71121819	71124558
1	72487525	73148651
1	73181612	73307170
1	73613099	73775684
1	74396896	74572763
1	75986904	76187748
1	77112424	77508751
1	77775014	77788462
1	79008444	79200591
1	80093561	80101313
1	80221783	80223030
1	81887417	81896746
1	82033086	82207300
1	82892495	82899486
1	83328562	84008311
1	84234634	84235766
1	86385876	86416343
1	87633020	87643947
1	88074809	88081605
1	88317228	88325707
1	89412068	89560723
1	90819992	90983299
1	91436237	91442512
1	91790876	91801207
1	92669282	92805629
1	94288366	94291029
1	95049677	95061355
1	95119790	95164436
1	95495849	95754841
1	96261328	96392703
1	96415751	96546114
1	97907709	98101144
1	99995825	100164639
1	100359655	100498342
1	102007614	102016643
1	102372339	102417093
1	102450736	102850380
1	103645616	103655285
1	103747389	103750782
1	103990359	104452002
1	105987533	106407822
1	106760562	106881582
1	107374300	107405131
1	107483628	107840883
1	108211673	108414877
1	108618874	109096678
1	109467333	109662236
1	110187218	110191449
1	110223997	110252881
1	110954840	110958141
1	111356841	111412912
1	111787395	111794733
1	111823851	111834984
1	112594659	112792539
1	112992010	112994957
1	113157135	116741372
1	117126305	117326511
1	120016696	121346350
1	143364762	143515359
1	143931443	149995979
1	150652202	150683512
1	150738197	150816886
1	151318733	151411635
1	151789609	151796769
1	152079989	152084039
1	152183175	152187151
1	152213931	152223706
1	152280739	152284629
1	152472839	152898153
1	153410510	153418995
1	154511036	154512983
1	154588663	154590611
1	155094978	155917961
1	158867531	158869984
1	160652730	160681836
1	161161838	161171520
1	161344255	162503356
1	163308049	163314431
1	163764928	163810259
1	163902256	164063835
1	164249120	164447179
1	165417526	165425536
1	165648909	165650447
1	165822891	165860813
1	166491879	166650985
1	167795083	168353062
1	168824111	168890420
1	169227173	169241287
1	169607718	169613389
1	169782006	169885186
1	170315081	170413292
1	172808445	172809768
1	173268424	173482157
1	173810642	173955943
1	174469281	174569776
1	174794144	174805122
1	175229631	175407303
1	175436929	175910001
1	176030986	176190575
1	176236759	176239800
1	178555184	178560486
1	178649888	178674074
1	179328708	179344905
1	179722838	179724322
1	180128502	180335540
1	182787451	182796755
1	183150486	183151694
1	183785065	183961847
1	184814729	184820799
1	185293197	185345771
1	189246533	189649328
1	189707967	189819487
1	189959106	189995212
1	190714671	190867945
1	191323985	191331151
1	191777520	191825752
1	193626177	193710196
1	194938079	194942904
1	195255927	195580212
1	195803764	196119454
1	196259848	196419016
1	196590837	197722240
1	198472613	198487989
1	200090219	200108546
1	200507510	200596977
1	200658166	200667973
1	200827173	200995732
1	201518170	201568616
1	201916354	201922269
1	201933755	201936645
1	202501109	202724206
1	205919607	206240747
1	206699627	206709017
1	206855988	207057758
1	207557879	207925067
1	208298962	208497118
1	209121677	209125973
1	210078056	210085971
1	210579523	210620779
1	211405676	211438212
1	211449555	211453750
1	212471136	212472634
1	212648143	212843103
1	212847260	212854762
1	212925429	213009497
1	217157748	217215465
1	217634630	217788033
1	218181128	218215541
1	218890658	218932236
1	220919015	220922779
1	221214889	221215993
1	222295967	222458313
1	223628374	223644406
1	223935220	224363163
1	224580069	224589373
1	225087924	225253274
1	225404951	225526778
1	225665694	225703485
1	226057382	226060403
1	227349648	227354190
1	227880116	228806209
1	229485908	229522542
1	229812538	229820840
1	229822279	229827383
1	230712864	230715602
1	231624760	231915996
1	232458591	232460251
1	232749100	232751142
1	233234147	233242006
1	233255864	233407416
1	234264342	234420603
1	234506188	234509858
1	234809303	235127963
1	236866836	236902364
1	237132111	237145918
1	237941794	238768102
1	239466450	239471109
1	239766094	240394880
1	243036667	243468082
1	245669708	245695083
1	246028579	246116002
1	246286922	246288389
1	246407146	246740944
1	246939856	246946021
1	247074430	248328835
1	248487638	248877423
10	60001	224405
10	269695	3198773
10	3208223	3302032
10	3307225	3310298
10	3987604	3991658
10	4286880	4323493
10	4428563	4459527
10	5547117	5552397
10	5557024	5804780
10	5889623	5892877
10	6393063	6422816
10	6649064	6666823
10	6715284	6720946
10	7096148	7139518
10	7423496	7737739
10	8126268	8127847
10	11102764	11113622
10	11966016	12297230
10	12803891	12806380
10	12879704	12936713
10	13049081	13064407
10	13349536	13353152
10	13578081	13758895
10	13862894	13877069
10	14271396	14275249
10	14563097	14602443
10	15003659	15006635
10	15526687	15532473
10	15725863	15874968
10	16235955	16242475
10	16556509	16732308
10	17882302	17891728
10	18835325	18906507
10	19694144	20024994
10	20284349	20330652
10	20686719	20909204
10	21530218	21534098
10	22918101	23069676
10	23734327	23913370
10	24369788	24373842
10	24539543	24543785
10	25726221	25732417
10	26809400	27293615
10	27431366	27575370
10	27632038	27695466
10	28562647	28585496
10	29086504	29088225
10	29443387	29698236
10	29803740	29970535
10	30635151	30825129
10	32951411	32960793
10	33264227	33398942
10	35033116	35107680
10	36219662	36221066
10	36246376	36248166
10	36303119	36479683
10	37107494	37108494
10	37285763	37625699
10	37816510	37840199
10	37931812	37958912
10	38195001	38196238
10	42356543	43510191
10	45044161	48481919
10	48593396	49451532
10	50056451	50059418
10	50971974	51925166
10	52145027	53733476
10	54644725	54648808
10	54883360	54927356
10	55108129	55137361
10	55357136	55586930
10	56408027	56566137
10	56833543	57111393
10	57179152	57183477
10	57202035	57318844
10	57947759	58139056
10	58141023	58290923
10	58490630	58689953
10	58740015	59527857
10	59544382	59884614
10	60077494	60078494
10	60280321	60281404
10	60718033	60971361
10	61324135	61333139
10	62427203	62428328
10	64257169	64258705
10	65043086	65098315
10	65606081	65764526
10	65902219	66078687
10	66432099	66450484
10	66629028	66636231
10	66836714	67017689
10	67261353	68917164
10	69058699	69066547
10	70457719	70631312
10	70827782	70833176
10	71038717	71052888
10	71263986	72546603
10	73237903	73286155
10	73900569	74607120
10	75373790	75381187
10	77234937	77770449
10	77850968	77867169
10	78247916	78258692
10	78357050	78358803
10	78392351	78395573
10	78551538	78553745
10	78554913	78558583
10	78564108	78566204
10	78951094	79043015
10	79111391	79593471
10	80414772	80571587
10	80802829	81076777
10	81275462	81820855
10	82166752	82315290
10	82393435	82549936
10	82885541	82888269
10	83883784	83889019
10	84044632	84058927
10	84400714	84437193
10	84571922	84618651
10	84968305	85186706
10	86476065	86477362
10	88323573	88328427
10	88515058	89309762
10	90564698	90730352
10	90822655	91017486
10	91940542	92547558
10	92901100	92932937
10	93203538	93211658
10	94134615	94137653
10	95098692	95107315
10	97683026	97686572
10	97947041	97957324
10	98789963	98962472
10	98998344	99145924
10	99834796	99893953
10	100256434	100383814
10	100682454	100696792
10	102151850	102565736
10	102676934	102858019
10	103847784	103860097
10	104540462	104542935
10	105214932	105225201
10	107129273	107286328
10	107386359	107391087
10	107529662	107753539
10	107952193	107956718
10	109131722	109133632
10	110458987	110643496
10	110814528	110819567
10	110875944	110884926
10	110938380	110962218
10	111440605	111469799
10	112563598	112568976
10	113430507	113651446
10	113980172	114130823
10	114911079	115000014
10	115632342	115655759
10	117414868	117471615
10	117497668	117504642
10	122131027	122137485
10	122394214	122407186
10	122635712	122901873
10	123000635	123001793
10	123436465	123461654
10	124263075	124454815
10	124600607	124797901
10	125057217	125269159
10	126085976	126465030
10	126729195	126737615
10	127453900	127786702
10	128908525	129239022
10	130260415	130265441
10	131429608	131430611
10	131610723	131808881
10	132909251	132912646
11	211447	1357392
11	1384981	1521440
11	1899386	1982479
11	2064771	2091600
11	2789044	2985217
11	3236512	3813961
11	4055945	4510188
11	4510285	4562458
11	4721204	4741954
11	4907893	5135331
11	5416622	5492033
11	5505764	6194475
11	7419615	7445905
11	8457023	8534642
11	8784813	9328869
11	9406023	9416258
11	10193294	10352897
11	10757081	10762532
11	11215875	11381292
11	11725017	11871817
11	14475088	14512162
11	16650873	16691808
11	16915291	16934130
11	17368272	17584220
11	18818729	19082068
11	19483360	19494407
11	20667239	20673507
11	21156093	21237697
11	21556849	21725158
11	21783630	21848735
11	22439713	22446863
11	25004617	25546665
11	25564190	25842666
11	26329870	26473641
11	28138808	28143905
11	28924493	29072498
11	29414215	29524123
11	30165272	30190813
11	30979762	31064012
11	31239414	31429736
11	31967173	31969298
11	32009541	32189124
11	32395937	32560583
11	32714643	33049940
11	34220504	34370236
11	34539537	34831199
11	34913315	34963728
11	35029933	35238578
11	35319320	35480522
11	35949698	36988915
11	37115656	37143425
11	38444768	38481352
11	40553675	40685738
11	40922858	41082843
11	41119359	41333911
11	41633165	41797045
11	42970128	42971168
11	43710964	43829692
11	45993457	45998686
11	47054281	47064767
11	47517955	47681310
11	48303671	49185190
11	49212237	49468966
11	49581925	51563636
11	55153930	55849156
11	56600799	56750463
11	57299354	57481050
11	57912509	57948750
11	58286886	59008673
11	59396407	59431115
11	59908131	59945334
11	60228177	60229395
11	60816913	61123636
11	61748802	61894033
11	62022840	62077307
11	62295575	62462848
11	62514284	62691489
11	63044992	63126854
11	63180120	63193423
11	63368995	63370871
11	63377277	63387923
11	63581200	63586085
11	63772151	63964641
11	64312491	64485209
11	64487183	64620199
11	64743070	64758087
11	65013294	65254540
11	65559893	65722363
11	66059034	66060286
11	66634462	66805980
11	67234322	67891289
11	69382148	69383741
11	69423683	69588478
11	69982556	69984490
11	69986484	69991888
11	70875083	70932650
11	71075249	71131368
11	71363639	71657576
11	72646518	72807865
11	73842609	74557597
11	75198280	75201091
11	76388349	76396423
11	77888708	77901188
11	78356435	78529170
11	79475609	79480520
11	79563435	79749146
11	79967504	80016136
11	80399227	80402387
11	80875379	80879194
11	80988311	81017973
11	81165760	81175303
11	81319065	81830622
11	81877039	81879223
11	82231551	83516702
11	84556678	84593655
11	84669708	84839783
11	85180480	85603988
11	85869944	85905513
11	86304157	86306620
11	87433405	87435224
11	87577651	88380618
11	88398360	88401380
11	88444345	89930188
11	90608201	90920055
11	90966072	91062544
11	91816603	91824475
11	91884436	92074824
11	92898342	92936545
11	93086018	93265875
11	93676224	93714950
11	95814509	95833165
11	95929954	96072988
11	96850526	97192796
11	97260050	97441173
11	97614840	97744330
11	97804258	98029000
11	98761743	98805168
11	99010566	99014178
11	99070487	99212297
11	99804604	99853277
11	101560540	101608664
11	102477417	102479840
11	102695108	102710471
11	102933527	102992123
11	103035791	103215467
11	103802913	103807536
11	103997977	104979717
11	105049275	105051786
11	105225129	105249930
11	105674589	105676204
11	107219624	107251780
11	107324276	107344568
11	107479362	107555825
11	107662790	107671601
11	108449614	108623720
11	108767993	109385935
11	114372285	114556666
11	114807512	114898574
11	116325632	116536214
11	117001954	117010520
11	117278198	117287162
11	119240077	119242828
11	119356991	119366163
11	121473598	121540642
11	122347577	122349280
11	122834036	122867150
11	123279195	123544795
11	125075288	125100438
11	125200582	125334528
11	125364965	125916282
11	127196756	127203964
11	129716375	129721438
11	129835985	129839535
11	129969222	130342717
11	130979403	130984345
11	131432801	131748985
11	132831170	134944770
12	180185	990544
12	1134352	1135588
12	1710250	1868642
12	1953866	1971107
12	2247179	2255327
12	2359231	2371676
12	2835236	3009674
12	3229352	3394867
12	4086885	4088542
12	4391332	4396746
12	4553216	4554993
12	6238479	6263819
12	6453884	6663835
12	7774520	8623987
12	9017081	9018106
12	9081779	9246220
12	9371595	9923529
12	10572780	10599019
12	10721232	10722949
12	10969620	11714921
12	12087306	12095466
12	12139785	12146004
12	12620654	12783124
12	12903321	12907136
12	13538132	13574737
12	13579725	13582534
12	15432387	15507607
12	16265092	16446378
12	16558154	16574557
12	17217902	17395321
12	17910168	17992305
12	18379483	18396178
12	18561397	18568728
12	18935494	19812778
12	20942215	21117820
12	21142948	21144216
12	21749100	21930695
12	22140834	22736907
12	23781732	23976307
12	24519392	25221686
12	25233781	25252178
12	25649357	25654445
12	25992331	26161116
12	27638984	27659803
12	28392634	28394302
12	29110782	29289849
12	29301452	29303155
12	30023167	30175232
12	30237351	30246179
12	30287314	32072597
12	32327158	32354966
12	32523455	32531212
12	33294037	33312197
12	33442024	34835837
12	37856695	39070734
12	40299913	40331853
12	40818260	40820681
12	40882026	40883404
12	40889444	40896189
12	41509477	41513732
12	41776841	41981332
12	43020574	43027425
12	43977461	43979560
12	45048933	45072343
12	46087430	46097227
12	46149338	46349891
12	47516126	48310931
12	48429702	48825499
12	49058814	49071245
12	49258560	49458555
12	50454357	50462138
12	52504959	52532818
12	52563264	52887864
12	53299783	53305054
12	54347069	54534646
12	55709667	55725690
12	55832210	56001052
12	56553078	56902907
12	57013844	57015133
12	57319810	57324496
12	57829733	58001868
12	58468284	58474067
12	58720676	58746311
12	59022729	59323045
12	59935109	59952373
12	60753107	60757930
12	60873523	60878802
12	61510996	61612551
12	61774185	61796388
12	62335221	62341282
12	62782467	64252172
12	64392500	64411870
12	65017844	65037483
12	65233809	65239506
12	66895409	66980180
12	66998846	67003984
12	67666985	67672870
12	69181637	69188981
12	70186354	70190110
12	70871858	71113212
12	71208907	71212013
12	72102464	72308173
12	72485933	73251109
12	73374686	73417263
12	73808697	73853622
12	74860243	75565735
12	77897072	77905207
12	78032777	78069711
12	78709510	78718835
12	80154939	80167980
12	81856841	82039988
12	82578954	82755360
12	82956631	82968298
12	83101045	83357621
12	83615895	83632741
12	83843007	83873871
12	84133820	84321005
12	84593202	84596445
12	84746399	84753346
12	84980823	85188763
12	87762364	87773031
12	88140458	88143919
12	88850430	89022675
12	90686205	90687347
12	91229736	91242248
12	91342309	91344087
12	91427970	91458452
12	91533283	91677354
12	92146914	92310676
12	92685813	92687252
12	93673499	93686195
12	93861172	93862989
12	93981476	93984559
12	94947652	94949017
12	95219760	95229530
12	95431684	95437465
12	95588300	95589465
12	95799358	95809126
12	96565139	96570080
12	97877013	97888817
12	98014745	98030979
12	98170486	98345626
12	99787920	99804536
12	99976869	100082307
12	101117448	101118684
12	101523976	101532084
12	104191266	104193582
12	104379507	104380725
12	104696286	104701777
12	104833729	104908288
12	106064358	106103648
12	107364873	107378845
12	108794705	108808717
12	109186454	109556165
12	111383036	111391799
12	112472575	112476739
12	112504265	112680932
12	113156423	113173562
12	114561680	114610142
12	114632282	114637892
12	115083467	115087039
12	115578396	116143127
12	116228950	116250734
12	116475925	116648486
12	117086885	117088223
12	117090343	117273810
12	117612666	117652676
12	117694102	117695412
12	117804676	117822156
12	118179174	118186925
12	119229694	119294323
12	119435753	119441212
12	120036209	120259924
12	121415845	121584813
12	121667651	123238797
12	123395927	123589290
12	124009676	124085689
12	124110122	124195856
12	124866413	125047387
12	125284926	125287709
12	126203467	126211261
12	126217576	126225113
12	126799141	126837365
12	127296970	127451741
12	127585017	127604614
12	127629346	127642938
12	128787775	128822458
12	129072305	131115576
12	131132697	131133726
12	131146984	131159139
12	131233614	131274394
12	131597637	131676779
12	131723291	133734113
13	19020001	20337527
13	20463867	20470071
13	20972722	21224478
13	21368985	21529181
13	21728349	21729811
13	21742541	21746479
13	21819264	21898168
13	22077722	22266191
13	22772723	24956929
13	25029295	25050923
13	25187829	25200727
13	27000592	27167378
13	28690116	28696207
13	29045852	29049214
13	31525174	31578563
13	31882509	31892029
13	32527584	32528794
13	32528958	32540047
13	34134809	34148353
13	34572977	34577565
13	34870946	35036202
13	35221473	35228649
13	35690252	35700671
13	37311331	37375415
13	38069723	38113260
13	38353893	38357951
13	39057316	39060201
13	39867227	39872237
13	39934219	39935515
13	40040036	40090742
13	40222880	40379063
13	40541790	40843805
13	41604931	41798808
13	42751707	42776117
13	43144604	43146458
13	43200764	43232996
13	43382242	43891531
13	44290974	44499299
13	46316563	46321770
13	46386263	46555183
13	48569952	48735939
13	49171306	49472517
13	49951415	49953875
13	50610270	51421152
13	52176983	52362525
13	54333209	54421334
13	54692032	54711236
13	54956487	55184767
13	55305891	55308489
13	57074210	57075726
13	57625624	57984915
13	60198796	60205787
13	60598877	60797552
13	61253037	61256880
13	61996976	63721248
13	63783764	63946116
13	64303507	64387507
13	64424251	64933618
13	65154967	65158452
13	65158793	66394450
13	67005812	67319982
13	67401507	67403849
13	67499279	67528573
13	67671691	67708713
13	69142159	69301578
13	69355636	69392579
13	70595689	70640062
13	70736064	70789991
13	71378041	71542952
13	72079800	72269554
13	72328325	72485405
13	73704771	73706236
13	73814441	73815959
13	73817917	73819341
13	75204051	75377588
13	76321610	76542003
13	76608545	76612872
13	77625032	77768464
13	77981195	77982743
13	78997641	78998750
13	79295094	79303192
13	79904978	80099108
13	80479404	80503110
13	81305303	81469021
13	83043448	83382652
13	83513998	83678850
13	83694801	83881066
13	84058557	84277697
13	84704649	85307411
13	85548446	85971539
13	88156601	88314549
13	88642139	88644288
13	89411081	89875974
13	90280619	90865546
13	92953101	93582180
13	94174654	94370926
13	94414289	94433513
13	98914693	98955389
13	100442884	100484296
13	101894144	101896424
13	102631298	102805300
13	103141574	103145750
13	104275527	104281106
13	104403046	104424978
13	104665421	104677939
13	104985831	104989453
13	105620322	105787015
13	106492833	106496538
13	108055567	108063649
13	108292319	108476702
13	108511197	108683870
13	109077490	109246957
13	109369624	110559571
13	111662033	111809411
13	112546833	115074878
14	19117183	20931075
14	21216108	21471614
14	21853644	21871164
14	21931624	23441179
14	24405198	24505105
14	26227880	26405118
14	26763627	26784913
14	26941944	26951194
14	27601550	28061338
14	28065099	28443242
14	28869847	28872163
14	29018001	29027346
14	29044219	29198152
14	29287048	29290052
14	29511827	29698386
14	30800223	31911745
14	32269881	32275120
14	32858480	33016442
14	33402939	33404062
14	33546996	33548532
14	34733774	34735220
14	34952486	34955794
14	34983114	35019847
14	35024190	35053483
14	35117768	35119976
14	35329756	35521841
14	37047629	37052658
14	38788605	38804433
14	38930054	38938273
14	39632072	39633323
14	39698400	39707997
14	40098392	40100231
14	40437675	40541810
14	40872110	40875722
14	41472098	41492551
14	41577085	41738006
14	41766561	41880727
14	42045873	42259511
14	42850654	43008829
14	43582915	44256254
14	44399205	44644481
14	44674615	44793438
14	45032791	45313666
14	45706082	46427770
14	46793652	46948526
14	48260157	48446323
14	48473063	48663467
14	49522789	49532382
14	51408955	51418438
14	53803052	53821057
14	54086997	54142558
14	54672574	54733842
14	55512778	55517728
14	55804786	55807119
14	59126717	59312019
14	60407494	60583041
14	62572710	62734332
14	64813942	64818537
14	65254465	65271780
14	65421491	65434429
14	68499620	68503211
14	68796718	68798084
14	68874641	69060272
14	69332829	69335669
14	70002365	70030415
14	72031219	72034173
14	72204904	72209070
14	72802736	72819684
14	73960297	74127070
14	74550381	74606418
14	75173441	75351276
14	76348241	76360433
14	76917630	76938089
14	77554988	77724349
14	77995986	78001276
14	78074180	78262572
14	78379156	78502019
14	78875607	79173528
14	79658731	79665685
14	80106289	80115049
14	81427967	81581008
14	82871181	83146797
14	84136458	84293840
14	84370228	84371232
14	84664110	84671508
14	84858000	84860441
14	84900982	84902272
14	85194069	85197739
14	85331188	85332964
14	85517736	85767292
14	86143394	86150370
14	86158314	86425402
14	86450325	86498837
14	87189298	87342213
14	87442909	87446544
14	88178712	88180072
14	88391116	88430294
14	88661384	88663916
14	90285287	90456676
14	91190299	91394004
14	93443896	93445132
14	94312334	94344302
14	94937886	94945917
14	95568249	95574298
14	97207464	97209699
14	97473739	97478901
14	98130002	98154823
14	98262775	98423712
14	98531583	98535896
14	99534723	99566468
14	99583579	103857537
14	103934035	103936396
14	103948122	103951588
14	104147525	104433135
14	105404384	107285437
15	20003725	24900914
15	25055278	25137963
15	25416059	25953569
15	27398550	27417670
15	27477469	27783455
15	28277010	30215336
15	30282956	30285872
15	30292944	31471023
15	31731005	34990969
15	36160131	36162215
15	36590448	36777602
15	37831569	37972487
15	38585320	38591899
15	39899759	40094881
15	40832545	40995111
15	41786505	41805760
15	42047173	42122617
15	42334375	42502982
15	43454645	43458755
15	43774977	43777774
15	43784000	44148641
15	44385556	44390318
15	44968868	45422842
15	47477529	47604309
15	48509038	48663778
15	48744294	48749630
15	50385284	50543688
15	50661449	50691595
15	51282257	51805426
15	53769721	53785483
15	54353620	54393030
15	54955897	54959001
15	54984444	54986323
15	55024668	55027130
15	55099183	55249491
15	56736478	56790080
15	56792436	56795638
15	57641448	57651145
15	57656369	57821975
15	57922185	57931412
15	59164881	59174380
15	59273111	59274458
15	59474806	59608544
15	61680360	61700658
15	62706096	62707795
15	63763390	63764403
15	64933434	64934550
15	66180785	66350385
15	66391091	66396454
15	66656461	66658935
15	67185932	67273894
15	68256995	68259260
15	68426021	68428945
15	68538072	68814663
15	69002755	69014975
15	69307609	69310512
15	69634752	69792199
15	70155132	70315354
15	71021840	71027508
15	71028398	71047670
15	71064857	71066884
15	71458526	71626306
15	72669375	73120560
15	73295725	73301168
15	74215114	74464916
15	75545073	75562062
15	76880628	76914288
15	77170550	77393640
15	77548764	77579524
15	77998374	78121905
15	78794159	78801222
15	79053484	79293881
15	79355237	79518769
15	79550907	79553571
15	79950522	80063317
15	80823202	81003389
15	81124703	81131630
15	81941520	82224069
15	82293064	82426400
15	82664410	83310525
15	83314833	83317588
15	83417765	83560629
15	84539476	84568158
15	84715622	86133259
15	86339966	86361586
15	86367692	86371682
15	86433576	86446005
15	86524616	86527978
15	86718266	86886938
15	87145741	87153782
15	87905845	87910115
15	88452852	88459894
15	89889111	89895582
15	90565956	90809633
15	90850762	91000445
15	91454426	91641749
15	91831850	92040312
15	92330260	92341572
15	92581551	92615246
15	92622348	92625190
15	92644907	92648729
15	92651953	92655904
15	92725333	92726572
15	92730690	92731596
15	92739753	92744130
15	92744757	92748971
15	92764666	92767641
15	92769597	92774997
15	92778700	92781640
15	92784503	92786119
15	92788228	92791542
15	92802907	92806762
15	92811098	92813310
15	93306419	93316316
15	93796768	93819593
15	94162242	94512921
15	95466976	95646138
15	96044134	96045562
15	96418331	96638700
15	97137370	97289821
15	97707700	98136049
15	98842327	98843807
15	100274293	100757039
15	101299800	102431074
16	60001	2870536
16	2931057	2995706
16	3202782	3309413
16	4005869	4185557
16	4209841	4258091
16	4770524	4771966
16	4825921	5424829
16	5463355	5467354
16	5481932	5484241
16	5602094	5611121
16	6508404	6509671
16	6648010	7081962
16	7915055	7975357
16	8474160	8515905
16	8743684	8745243
16	9813549	9822448
16	10008309	10415517
16	11134388	11140873
16	12176556	13071891
16	14202188	14276055
16	14409925	14411126
16	14622055	15517882
16	15693500	15860309
16	15909404	16073811
16	16185217	16923788
16	16927803	16946410
16	17534100	19159306
16	19869088	19872409
16	19944363	19979334
16	20445323	20599347
16	21035807	21231957
16	21305271	22772309
16	23048080	23049265
16	24089175	24270169
16	24943395	25186978
16	25329143	25364591
16	25624711	25811254
16	26916921	26919497
16	28105183	29150553
16	29182167	29186561
16	29273948	29819355
16	29887798	29894417
16	30063260	30383280
16	30632447	30840263
16	30845052	31048051
16	31750569	35145879
16	46390674	46394525
16	46397034	46402841
16	46427163	46434899
16	46434929	46443317
16	47261512	47606287
16	48329437	48479754
16	48572307	48575919
16	48905387	48906630
16	49061753	49129705
16	52808565	52982107
16	53267883	53456742
16	53593276	53599175
16	54079661	54234378
16	54407804	54429858
16	54564282	54752209
16	54753168	54778907
16	55236480	55387532
16	55669396	55983590
16	56293267	56480752
16	56615185	56617026
16	56891008	56917533
16	57605916	57608026
16	57611129	57781780
16	58579005	58876037
16	59638102	59851643
16	60437021	60439301
16	60743368	60921578
16	61115741	61267738
16	63052798	63059485
16	64082446	64156691
16	65416227	65588805
16	66332595	66504972
16	68772868	68774072
16	69242664	69244660
16	69855122	70353334
16	70369770	70569723
16	70807122	71316983
16	71976344	72274347
16	72633305	73369186
16	73773098	73774855
16	74334780	74593139
16	75077705	75081857
16	75154172	75330634
16	75381762	75576971
16	76009781	76021509
16	76169443	76197724
16	76261676	76271996
16	76544108	77125562
16	77206739	77210805
16	77249657	77252475
16	77556287	77557933
16	77616289	79291806
16	79894964	79923310
16	80325303	80334014
16	80341745	80549683
16	80706129	80745371
16	80972279	81027142
16	81066033	81180727
16	81284204	81287916
16	83331762	83394668
16	83657465	83691358
16	83743546	84544608
16	84643917	84674667
16	85188737	85189801
16	85416187	85448691
16	85954876	86050314
16	86276730	90164923
17	18901	2004377
17	2320380	2327414
17	2459615	2463669
17	2608661	2686796
17	2789449	2793158
17	3018447	3159865
17	3529483	3709376
17	3725468	3883517
17	4231791	4411821
17	4549551	4894584
17	5743422	5751314
17	6093881	6147146
17	7889455	7922051
17	7933037	8090893
17	8363480	8370248
17	9257062	9265197
17	9268293	9269441
17	9560398	9590409
17	9804349	9963979
17	10886859	10895735
17	11018510	11037081
17	11217255	11261301
17	13474592	13653569
17	13881241	14128556
17	14157689	15481109
17	16116824	16120100
17	16527056	18454773
17	18562615	18747324
17	18791154	18792178
17	18822360	19265108
17	19485735	19563766
17	19655486	19662348
17	20219434	20699840
17	20703572	20705693
17	21250941	25441564
17	25806953	26177119
17	26248845	26250607
17	28471281	28474831
17	28877478	28898849
17	29552088	29725628
17	29772622	29775410
17	30221721	30537982
17	32896336	32911870
17	33539240	33618601
17	34040786	34043384
17	34285285	36757019
17	37320807	37476796
17	38748300	38850104
17	39301375	39896843
17	40701514	40707740
17	40981486	41158903
17	41425233	41470035
17	41508997	41689929
17	42185921	42374668
17	42589570	42590812
17	42717156	42903241
17	43403005	45277333
17	45511584	45764956
17	46182711	46190093
17	46602673	46836837
17	46920868	47071888
17	47456771	47628470
17	47826827	47827889
17	48594242	48755830
17	49045487	49205340
17	50518839	50781236
17	51014346	51306612
17	51849621	51856903
17	52141218	52320288
17	53029916	53036091
17	54151860	54180724
17	54760895	55079493
17	55090067	55793467
17	55820940	55825825
17	56312860	56498404
17	56642376	56794949
17	57082579	57425634
17	57775038	57778432
17	57973334	58159162
17	58880977	58884827
17	60176680	60472841
17	61227195	61444658
17	61953919	61961667
17	62118842	62273472
17	62371928	62375700
17	62722434	62941102
17	63034829	63044439
17	63095123	63104894
17	63762306	63932273
17	63956518	63957818
17	64855019	65148682
17	65389627	65550905
17	65679306	65684454
17	65980762	65985439
17	67891935	67979180
17	68027659	68214259
17	69339845	69345698
17	69477007	69485211
17	70030090	70229114
17	70849835	70879053
17	71293145	71295593
17	71299811	71305177
17	71671182	73288931
17	73293285	73456104
17	73591623	73767720
17	74204580	74395308
17	75126908	75295408
17	75348335	75352063
17	76352548	76457351
17	76603410	76723331
17	77033974	77217556
17	77232086	77263133
17	77338030	77642257
17	77702279	77931577
17	78059123	78267285
17	78610388	81006629
18	166277	733474
18	1735368	1980255
18	3502644	3508568
18	3677422	4170252
18	4269350	4276170
18	4440419	4444389
18	5315223	5318882
18	5324646	5326244
18	5338955	5342577
18	6762909	6943645
18	8776431	8786354
18	9025102	9240413
18	9401631	9597291
18	9674500	9870517
18	11509706	11511474
18	11679607	11681299
18	11897023	12076102
18	12240681	12499525
18	12591993	12593952
18	12711423	12715465
18	12885273	12890021
18	13058494	13068132
18	13659843	13663204
18	13998748	15377893
18	19183259	19187296
18	19537295	19541407
18	20651070	20656924
18	20663834	20700413
18	20770432	20933867
18	22779946	22785105
18	24366488	24367973
18	26090570	26236811
18	26254545	26260667
18	27595308	27643386
18	27814548	27819663
18	28088781	28251576
18	28696273	28701122
18	28739028	28748058
18	28976882	29041734
18	29515532	29516865
18	29632749	29674992
18	29792337	30040304
18	30383327	30574737
18	30852119	30862517
18	33773292	33781626
18	33987212	34018577
18	34050035	34481867
18	34946002	35128390
18	36812935	36993235
18	37482117	37649307
18	37987532	37995384
18	38260526	38266200
18	38674407	38678803
18	39201960	39366556
18	39384410	39432678
18	39929760	39940403
18	40637781	40645183
18	40990377	41004248
18	41976858	41981932
18	44406424	44714872
18	45985191	45987675
18	46380524	46384412
18	46537563	46711943
18	47102002	47117909
18	48000965	48005071
18	49920216	50369520
18	50488066	50489493
18	51249793	51278930
18	51537727	51544779
18	51952964	51956964
18	53140250	53145311
18	53710145	53882642
18	53929027	53930998
18	54223141	54232708
18	55502456	55503526
18	55930862	55944135
18	56696406	56704889
18	57365893	57375782
18	57403000	57411767
18	57463694	57473525
18	57652749	57687173
18	57915969	57926262
18	58100369	58127567
18	59295394	59335472
18	59566576	59777729
18	61140531	61149933
18	61278903	61440388
18	61549041	61591085
18	61974636	62152336
18	62407825	62449810
18	63149338	63151061
18	63199565	63207873
18	63712347	63870368
18	63902250	63936618
18	63973989	64190512
18	64947505	64972752
18	65704670	65757933
18	65834324	65896088
18	65908983	65912071
18	65975738	66392962
18	66737596	66761027
18	66802386	69345847
18	69549041	69974897
18	70328708	70333503
18	70428553	70434401
18	70766661	70906043
18	70941591	70947705
18	70951114	70954479
18	71145784	71159847
18	72943502	72949746
18	73709989	73801698
18	74053717	78014582
19	232069	2662636
19	2977775	3162119
19	3173380	3175819
19	3230780	3365288
19	3564421	3627359
19	4121257	4274851
19	4325242	4378049
19	4509338	4510377
19	6499800	6675432
19	6693142	6694818
19	6710065	7109545
19	8025451	8370904
19	8804784	9003039
19	9222945	9225121
19	9268373	9275643
19	9715769	9725516
19	9966946	10152416
19	10188332	10362589
19	10789428	11036044
19	12234688	12238487
19	12489726	12549655
19	12847630	13058491
19	13836718	14062800
19	14130013	14288003
19	14492599	14614873
19	14633320	14635657
19	15096950	15259179
19	15780041	15851261
19	16176883	16178993
19	17137070	17138171
19	17640677	17689862
19	17782691	17935856
19	18213761	18390074
19	19826866	19831655
19	19838073	19839649
19	20108224	20985425
19	21625797	21634841
19	21663538	21845722
19	21985488	23940467
19	23998793	24007382
19	24269217	24625301
19	27843387	27908122
19	27923835	28261497
19	28294511	28296132
19	28297825	28318816
19	29346656	29665135
19	29755681	29764708
19	30388805	30393114
19	32978925	32980233
19	33777074	34581561
19	34730316	34743131
19	35126018	35292335
19	35653642	35673333
19	35711078	35887113
19	36190656	36193931
19	36341181	36499431
19	36519803	36624936
19	36664841	36667019
19	36831719	36865415
19	37794850	38051606
19	38190722	38414049
19	38626819	38628763
19	39272911	39312282
19	40019489	40027856
19	40227904	40521130
19	40612420	40839520
19	41260363	41546068
19	42446246	42450019
19	42733141	43899053
19	44405994	44555426
19	44894102	44947444
19	45034772	45208355
19	45418995	45421297
19	45593888	45793682
19	47206549	47370304
19	47518768	47524624
19	47857756	48025505
19	48394608	48451618
19	48452963	48482463
19	48485796	48687574
19	48753400	48927424
19	49100918	49107593
19	49253355	49489740
19	49500267	49676523
19	49834246	50237076
19	50237077	50446481
19	50537010	50654496
19	50884885	50973476
19	51110251	51127770
19	51132743	51134094
19	51406850	51408425
19	51991896	52604625
19	52889022	52891109
19	53310712	53345321
19	53410459	53652575
19	53912242	54004939
19	54349210	54498371
19	54553991	54601207
19	54667579	59093239
2	34049	1061765
2	1348887	1350022
2	1431590	1505077
2	1896431	2176700
2	2186120	2194224
2	3179347	3199860
2	3736011	3749288
2	3762869	3795280
2	4217536	4222144
2	4236805	4276814
2	4729373	4734570
2	4908703	4924222
2	5336432	5346033
2	5497669	5668354
2	5803501	5968121
2	6189104	6216609
2	6298051	6322547
2	6400509	6402193
2	6618769	6622288
2	7229170	7246387
2	8007843	8557499
2	9734039	9742991
2	10347142	10406706
2	10595578	10688969
2	13284300	13747822
2	14345791	14368968
2	14691935	14710092
2	14991852	15056399
2	15202189	15357859
2	16566780	16719072
2	17061731	17067525
2	17192558	17341384
2	17888050	17975091
2	18142133	18225507
2	18906150	18907351
2	19187616	19227537
2	22328355	22331882
2	22709902	22767491
2	22814139	23120019
2	23775649	23781279
2	23984031	23994367
2	24028679	24030685
2	24312512	24315742
2	24598279	24619883
2	25287204	25608816
2	25627382	25629110
2	25662886	26895668
2	27521234	27530136
2	28061336	28224630
2	29173283	30539429
2	30865289	30869535
2	30918546	30926192
2	32412330	33213679
2	33257484	33455355
2	33951155	33959435
2	34348193	34506078
2	34523657	34525721
2	34618928	34787991
2	34827181	34829746
2	35237743	35404984
2	35490958	35492175
2	35572559	35637206
2	35821361	36119581
2	36243452	36745779
2	37047353	37048951
2	37796654	38138939
2	38715758	38717960
2	39676634	39681883
2	40547947	40733776
2	40930721	40966719
2	41237919	41253065
2	41264784	41267695
2	41794351	41800885
2	42046816	42064766
2	44467093	44468887
2	44587011	44620581
2	45540944	45546203
2	46532812	46874151
2	47001834	47006121
2	47013868	47015334
2	48220927	48328328
2	49498943	49508564
2	50798461	50861049
2	51281714	51365882
2	51513925	51844864
2	51926576	51927770
2	52107116	52584090
2	52727380	52814537
2	53125665	53131680
2	53558084	53559777
2	53900674	54072011
2	54693204	54714066
2	54765256	55109455
2	55327091	55333235
2	55747239	55981074
2	56178439	56472394
2	56659685	56851198
2	57163283	57488396
2	57979662	58119213
2	58394543	61340450
2	61660124	61819815
2	62745027	62894013
2	64253005	64539556
2	64825177	65001930
2	65583693	65589397
2	66129494	66149302
2	66329056	66499865
2	67266707	67465662
2	69342420	70016173
2	71294743	71297906
2	71332303	71373420
2	73588076	73659456
2	73717032	74078592
2	74398735	74762425
2	75363423	75382710
2	75689405	76012823
2	76275611	76450728
2	76541920	76705354
2	76837901	76860212
2	76935740	76949563
2	77185856	77209051
2	77855098	78101551
2	78126389	78711032
2	80401318	80842461
2	80975405	82286435
2	82337730	83048126
2	83248850	83964762
2	84174860	84179968
2	84731454	84883542
2	85860999	85866615
2	86256641	86260285
2	87105444	88295964
2	89029247	89032300
2	89106091	92275027
2	95358799	95620108
2	95970138	96351963
2	96848898	97019476
2	97571109	98341302
2	98855497	98891519
2	99533833	99709999
2	99857904	99888457
2	100103969	100105017
2	100380891	100546675
2	101044438	101238166
2	102321053	102323674
2	102391845	102429637
2	104482790	104488902
2	104593605	104760102
2	106345204	106485786
2	106851191	106897907
2	106941173	106944276
2	107196063	107348472
2	107598040	107761631
2	107917560	108091161
2	108154876	108156003
2	108449877	109223337
2	110693356	111123649
2	111899783	112746937
2	113469235	113478889
2	114074949	114428678
2	115388286	115405692
2	116497528	116800293
2	117484790	117751433
2	120890362	121062098
2	121445854	121451237
2	122321765	122482323
2	123480824	123482301
2	126439664	126461757
2	127033017	127161094
2	127696827	127701950
2	127830943	128006514
2	128974134	129179266
2	129496838	133198003
2	133267847	133933842
2	136860857	136863365
2	136893225	136910273
2	137197790	137240304
2	137587986	137596391
2	137697271	137704839
2	138066162	138073171
2	139360675	139362625
2	140945956	140957225
2	142071320	142245947
2	145241781	145246238
2	146731704	146733022
2	146860850	146885802
2	147504378	147682874
2	150726008	150727366
2	151457277	151844210
2	151864071	151873561
2	152320118	152356361
2	152457097	152480596
2	153044492	153083897
2	153157043	153170391
2	153589449	153863357
2	154015646	154203324
2	154363078	154520784
2	154896775	154898726
2	155054425	155076351
2	156296807	156599346
2	157417578	157425502
2	158771922	158773176
2	160149118	160151648
2	160655122	160674656
2	162051573	162092640
2	162197145	162225169
2	163002269	163175338
2	164295936	164308967
2	164503649	164683626
2	165722291	165894715
2	166014694	166016744
2	166656898	166851662
2	168489369	168640310
2	169350484	169508160
2	169721323	169739365
2	170105116	170111162
2	171268435	171429586
2	173686663	173689863
2	173756616	173913503
2	174527327	174545200
2	176346683	176352735
2	177315207	177365599
2	178822646	178831927
2	179409072	179728726
2	180409011	180423183
2	183437700	183835084
2	184039066	184044985
2	184085788	185204225
2	185210745	185370786
2	185624324	185720739
2	187332780	187580547
2	187876328	188032965
2	188268434	188503185
2	188565596	190530418
2	190726489	190729383
2	191318791	191365710
2	192375195	192376575
2	194689503	194698766
2	194919837	194956875
2	195814892	196004681
2	196316239	196323167
2	197648766	197762013
2	199397528	200064606
2	201575480	202423436
2	203067670	203070779
2	203290782	203315612
2	203845386	203851591
2	203898772	203902050
2	205342727	205348724
2	205539832	205841174
2	205919161	205921637
2	208349258	208363062
2	208472418	208476811
2	208495218	208496937
2	209204714	209249613
2	209472551	209551952
2	211528918	211658981
2	211788414	211790821
2	212735148	212737704
2	213162300	213194322
2	213756731	213915329
2	214191278	214365853
2	214589526	214593600
2	214874706	214876215
2	216111664	216137613
2	216285631	216450521
2	217089944	217092511
2	220052239	220059211
2	220206919	220390543
2	221218032	221223563
2	221989999	221996856
2	222354052	222498184
2	222928927	223105072
2	224751463	224756099
2	224884483	224891123
2	226924943	226929165
2	228477039	228485577
2	228910890	228920753
2	229759356	229763973
2	229764426	229766141
2	230103866	230296136
2	230877491	230879221
2	232536825	233005858
2	233211861	233307936
2	234939481	234956344
2	236952464	237203359
2	237799939	237807135
2	238868196	243083497
20	60001	63943
20	69408	278388
20	428488	601236
20	625906	627159
20	686314	690325
20	801160	807915
20	1389144	1390814
20	1476781	1679256
20	2130560	2475469
20	2803148	2806424
20	3010205	3011322
20	3027728	3034586
20	3108283	3117149
20	3128070	3290538
20	4708450	4710959
20	4938550	4946612
20	5019904	5021123
20	5681664	5684729
20	6212583	6239718
20	6367156	6371517
20	6409810	6555779
20	6860578	6866106
20	7086511	7090364
20	7096782	7102858
20	7122316	7131155
20	7340381	7528529
20	7601037	7607572
20	7949426	8647665
20	8807150	8816491
20	8950291	9279700
20	10892138	11116725
20	11690021	12433393
20	12633827	12661944
20	12904689	13064426
20	13402619	13410123
20	14477294	14478955
20	14699810	15008995
20	15080617	15082180
20	15082195	15088011
20	15282448	15331007
20	15439285	15448937
20	15765372	15977337
20	16134347	16302763
20	16567202	16585314
20	16731075	16739983
20	16775471	16948316
20	17248709	17255742
20	17357806	17390095
20	17989348	17996918
20	18249877	18273632
20	18604552	18607227
20	18724333	18734251
20	19745588	19749566
20	19908801	19918731
20	19982033	19984237
20	21262406	21264826
20	22323038	22357152
20	22657016	22703454
20	23029404	23179604
20	23705081	23777052
20	23806289	24023601
20	24492791	24498267
20	29807095	29810496
20	29833448	29878205
20	29906187	29992251
20	30042485	30050786
20	30217899	30221709
20	30711183	30888592
20	31165944	31174321
20	31343123	31495798
20	31495807	31748166
20	31908637	31915425
20	32322832	32326778
20	33241860	33244284
20	33515492	33701053
20	33976112	33983783
20	33992508	33998507
20	34160066	34168605
20	34292961	34312713
20	34526141	34679673
20	35798309	35800006
20	36302612	36326562
20	36445761	36537911
20	36934379	37137915
20	38063968	38071040
20	38624512	38632600
20	38797871	38974947
20	39344721	39346705
20	39680602	39841655
20	40006784	40010427
20	40357022	40360853
20	41218072	41277097
20	42006727	42014939
20	42024613	42025810
20	42118717	42125269
20	42413029	42414190
20	42844418	42848853
20	42913328	42920195
20	43350179	43360095
20	43686730	43694822
20	44197544	44207799
20	44350722	44378873
20	44591454	44599396
20	44692915	44964876
20	45248010	45292523
20	45762345	46539954
20	46543473	46563837
20	46952686	46979389
20	47130676	47136448
20	48653644	48779682
20	49242155	49436955
20	49605796	49614473
20	49625681	49629075
20	50322617	50419395
20	50502410	50510358
20	50561772	50570359
20	50759191	50760928
20	51283962	51395334
20	52182498	52404557
20	52644514	52661376
20	52679137	52685208
20	52885413	52894836
20	54273732	54277804
20	54434611	54440616
20	55966004	55967128
20	56170778	56688271
20	56699747	56702708
20	59562538	59591960
20	60461262	60583243
20	60782889	61426647
20	61521214	61564620
21	10699775	11185781
21	14369207	15339752
21	15456265	15467954
21	15900679	16112850
21	16566497	16567729
21	16587490	16592163
21	16912630	17096797
21	17967386	18142224
21	18846937	18856458
21	19857863	19976488
21	20640021	20643343
21	20704482	20755504
21	21716121	22054587
21	22060503	22575903
21	23009583	23026228
21	23137858	23273215
21	23511918	23674904
21	24398491	24602924
21	25155753	25410682
21	25555904	25594016
21	27232957	27238857
21	28190398	28203668
21	28380230	28540443
21	30239193	30269517
21	30485951	30490509
21	32415829	32502455
21	33158269	33516840
21	33632407	33636118
21	33844963	33852611
21	34844853	34860612
21	35268336	35269767
21	35480331	35481423
21	35726226	35904053
21	37484942	37819627
21	37827016	37861556
21	39652119	39654755
21	39957483	39959284
21	40857523	40966156
21	41877387	41883917
21	41900849	41908327
21	42647077	42651117
21	43462379	48100155
22	16053758	19061713
22	19571619	19573101
22	19772179	19795586
22	19879187	20309447
22	20311733	20659576
22	20759359	20951242
22	21327983	21332394
22	21334133	23349640
22	23748703	23902492
22	23933452	23960187
22	23961744	23965976
22	24257337	24722933
22	25057722	25097691
22	25366801	26046513
22	26135889	26150584
22	26513140	26694294
22	26898499	27029896
22	29786603	29789764
22	29868855	29884567
22	31785998	31788940
22	31797009	31965118
22	32486448	32788258
22	33757443	33760021
22	33868945	33909546
22	34169795	34203479
22	34743665	34782910
22	35295105	35299628
22	35382145	35632953
22	36271500	36341093
22	36731924	37042034
22	37138346	37147895
22	37175154	37360905
22	37689046	37815500
22	38003877	38265878
22	38388465	38636510
22	39287498	39299521
22	39350307	39396584
22	39970590	40132998
22	40355268	40364368
22	40448705	40453541
22	41090009	41096164
22	41678654	41950032
22	42522622	42538228
22	42767301	43083306
22	43509764	43722128
22	44370439	44391397
22	44638701	44701301
22	45026804	45210529
22	45574224	45937924
22	46573380	46581792
22	46654943	46697976
22	46895425	47139481
22	47389314	47610520
22	48271099	48514882
22	48525310	48529682
22	48774611	50681029
22	50923746	51205062
3	66866	3356591
3	4066925	4069555
3	4078654	4106495
3	4121223	4420357
3	5098705	5103825
3	6206901	6249264
3	6274524	6319261
3	6320383	6813460
3	7524552	7564303
3	8437164	8438261
3	8836542	8848793
3	9441529	9448291
3	9858219	9863746
3	10230807	10257768
3	10308633	10316681
3	10468933	10474080
3	11416397	11420159
3	11805985	11807177
3	11945279	11960850
3	12182059	12191215
3	12968744	13290554
3	14911270	15162703
3	15252121	15255386
3	15391894	15398047
3	16227428	16256039
3	16271800	16273558
3	16274621	16276430
3	16687037	16699558
3	20163608	20626956
3	21064893	21491327
3	22077893	22256869
3	22280610	22286192
3	22348144	22363886
3	23442134	23445637
3	24652513	24942926
3	25164223	26020681
3	26046361	26219162
3	26439507	26445548
3	26889852	26892990
3	28183919	28198991
3	29183895	29695488
3	30192418	30195787
3	32102902	32106850
3	32398790	32402778
3	32658010	32659568
3	32728962	32732044
3	33295107	33471473
3	35582192	35589765
3	35821245	35941124
3	35974434	35996873
3	36016433	36055389
3	36141606	36161855
3	36283530	36315957
3	37831483	38104224
3	38392693	38399701
3	38399709	38402271
3	38933748	39096098
3	39534272	39555497
3	41094080	41145025
3	41339152	41773753
3	42129853	42133192
3	42360106	42403380
3	42825586	42829088
3	43029502	43031844
3	44970199	45190848
3	46016464	46120400
3	46419634	46444794
3	46680452	46972489
3	47248230	47253427
3	47565429	47578605
3	47725466	47727072
3	47817061	47845587
3	48138137	48311122
3	49295977	49297051
3	49399471	49404775
3	49444917	49446470
3	49811452	49817742
3	50198478	50507964
3	50895211	50934096
3	50928829	50965889
3	52030637	52035392
3	52178983	52479537
3	52749983	52928219
3	53006055	53055522
3	55490629	55665793
3	55879963	55895109
3	56732922	56738481
3	57669140	60464275
3	60675641	60714772
3	60781943	61220809
3	61569557	61636156
3	61660185	61662130
3	62178738	62182656
3	62658151	62699200
3	62710349	62716800
3	62960057	62992438
3	63501469	63649939
3	64947888	64958241
3	65176116	65224536
3	68090811	68092835
3	68733871	68757344
3	68888730	68935796
3	69060358	69064358
3	69264462	69265580
3	73540757	73542135
3	74147289	74366747
3	75244279	76852374
3	76854489	77018418
3	77398854	77556335
3	77830323	77837660
3	78453937	78497118
3	79283527	81303356
3	81655378	81818880
3	82867892	82877638
3	82960316	83059117
3	84880760	85038200
3	87622403	87793198
3	89260495	89271087
3	89389507	89426589
3	89669582	89684394
3	89718508	89877335
3	95121218	95126782
3	95181602	95211175
3	95211864	95393754
3	97215619	97422260
3	98250046	98254624
3	98410824	98414578
3	98899064	98902392
3	98944526	98947848
3	99202639	99208175
3	100299329	100442478
3	100613387	100776497
3	101631940	101715372
3	102503531	102512005
3	102945342	102950695
3	103256253	103421162
3	104039377	104815116
3	105070894	105255030
3	106150678	106420227
3	107037955	107040332
3	107370187	107559374
3	107698182	107723510
3	107726589	107771530
3	109638554	109647641
3	109981480	110134616
3	110206694	110361632
3	111874138	111886119
3	112104875	112113334
3	113208706	113210471
3	113508776	113635069
3	114658806	114671691
3	114965349	115007152
3	116076289	116121948
3	116142130	116307542
3	116509456	116510477
3	118162391	118185725
3	118726577	118803600
3	119443790	119608882
3	120066250	120069861
3	120844986	120847181
3	121264886	121323465
3	121500400	122091831
3	125449614	125452946
3	125541333	125835819
3	126181918	126236700
3	127015290	127016303
3	127416142	127433542
3	127842954	127911683
3	128057693	128457060
3	129659467	129939982
3	131085770	131276385
3	131319871	131372693
3	131405907	131567321
3	131711711	131713017
3	133020950	133032892
3	133178030	133185521
3	134201034	134210747
3	134854242	135032909
3	135983304	135986929
3	136098002	136105895
3	136480745	136492394
3	137015487	137039879
3	137611789	137933835
3	139780680	140524730
3	140544409	140547047
3	141572191	141573760
3	141728870	142129836
3	142607487	142622834
3	142720230	142964373
3	142992697	143285979
3	144236202	144391387
3	145152484	145185102
3	145506383	145667833
3	146494488	146499301
3	147677270	147702510
3	147869251	147882306
3	148116141	148302242
3	148807113	148853218
3	148962041	148973465
3	149268472	149270146
3	150692637	150957485
3	151380696	151409270
3	151475280	151663175
3	152019577	152215010
3	152311724	152313155
3	152322841	152525153
3	154258269	154558723
3	155040676	155049559
3	155180174	155185050
3	155481220	155498441
3	156092175	156093691
3	156174824	156349000
3	157090166	157254684
3	158774340	158792286
3	160351021	160380161
3	160555238	160603116
3	161242389	161425932
3	161449993	161593770
3	161716174	162949985
3	163405182	163422100
3	163602449	163983738
3	165040863	165132797
3	165263696	165299094
3	165314375	165320141
3	166038509	167468637
3	167515773	167673387
3	168289014	168503110
3	169115822	169140328
3	169353946	169592872
3	169949098	169951193
3	171389389	171404478
3	172322951	172330217
3	173139995	173445377
3	173498947	173504867
3	174718123	174897298
3	174943598	174949685
3	175069717	175719865
3	175793050	176033599
3	176694532	176715918
3	177272868	177430308
3	179288279	179290093
3	179688785	179691941
3	180851596	181006642
3	183854444	184339903
3	185113165	185118693
3	186337134	186567326
3	186574292	186598209
3	186609734	186784284
3	187586840	187600359
3	188078514	188400411
3	188995493	189000004
3	189361939	189371014
3	189737354	189741021
3	190233300	190243453
3	190936834	191279107
3	191348911	191392897
3	191932025	191949205
3	192087751	192094744
3	192349911	192500553
3	192599336	192609716
3	192777519	192782564
3	192796377	192967734
3	193123659	193162704
3	193233900	193403646
3	194492835	194658542
3	194786170	194789015
3	195102787	197497868
3	197661072	197664340
4	14287	250916
4	258197	428202
4	603208	931354
4	1625392	1814775
4	2094838	2096090
4	2419853	2420989
4	3394344	4350986
4	4413924	4415860
4	5582866	5647287
4	6211749	6386097
4	6540877	6544429
4	6607830	6620991
4	6897285	6900334
4	6988148	7402284
4	7713577	7714679
4	7958699	8151267
4	8172065	8320868
4	8321175	8508406
4	8522173	10315096
4	10343699	10545800
4	11661242	11672242
4	12364339	12386570
4	12497175	12659390
4	13252148	13292301
4	13999757	14163394
4	15444617	15749520
4	17464853	17467313
4	17535244	17588320
4	17741195	17743791
4	19087520	19186822
4	20502895	20680956
4	21161003	21167113
4	21172465	21180995
4	21373046	21375817
4	21833309	21839155
4	21873204	21980559
4	22011581	22230718
4	22427074	23031235
4	23129616	23131818
4	23269367	23273072
4	23275166	23314212
4	23447666	23489812
4	25502057	25507858
4	25705821	25740206
4	26075257	26080174
4	26162557	26338313
4	26456267	26461885
4	26955952	26957457
4	27235656	27356025
4	27931917	27936331
4	28233304	28237998
4	28543958	28839437
4	28940143	28962928
4	29124082	29141525
4	29209751	29374005
4	29428793	29435770
4	29523642	29691077
4	30128784	30287444
4	31069939	31076406
4	31615125	31801946
4	32065878	32074515
4	32298443	32304898
4	32400330	32570949
4	33361212	33398105
4	34104310	34474531
4	34636771	35094344
4	35154386	35300584
4	35550849	35553540
4	36027856	36188063
4	36813271	36998465
4	39694314	39738205
4	39827655	40049441
4	40259665	40264082
4	40535027	40780364
4	41074699	41244420
4	41406054	41407885
4	41632959	41647307
4	41746533	41748518
4	42088057	42093552
4	42193269	42195537
4	42706060	42709525
4	43109743	43210488
4	44587872	44591677
4	44960444	45033572
4	45827074	46035519
4	46056005	46058209
4	46202798	46205028
4	47436139	47678443
4	48320595	48328404
4	48467694	48639342
4	52660118	52939679
4	53019523	53040106
4	53205204	53399049
4	53628732	53634129
4	53914863	53916907
4	54451175	54483569
4	54946939	54951126
4	55836964	55857893
4	56527823	56535040
4	57150485	57152691
4	57532345	57546971
4	58053417	58655023
4	61131158	61317249
4	61330107	61333185
4	61794845	61968156
4	63669575	63675178
4	63675377	63677196
4	63873762	63882862
4	64639661	65235696
4	65244616	65246977
4	65504714	65514094
4	65818168	65843840
4	66448546	66559894
4	66571998	66646181
4	67705078	67711897
4	68777006	69028913
4	69170079	70414172
4	70465571	70474338
4	70498620	70501546
4	71003262	71155109
4	71215784	71321473
4	72468185	72474209
4	73351177	73429597
4	73683018	73770378
4	74481983	74484018
4	74942411	74945174
4	75229227	75231385
4	76495414	76499599
4	77264596	77455405
4	77469114	77478379
4	77780095	77793971
4	78157288	78214065
4	79144454	79291868
4	79359178	79361167
4	80109178	80110299
4	80442108	80468775
4	80888063	80894107
4	82625029	82628474
4	82929314	82931404
4	82936650	82938307
4	83630074	83633142
4	83712401	83716962
4	84421695	84478459
4	86654235	86655789
4	86671670	86676799
4	86976387	86979952
4	87075759	87138765
4	87417291	87689533
4	87884343	87891031
4	88238744	88241534
4	88268261	88274315
4	88483884	88486312
4	88662490	88715324
4	88918551	89213119
4	91171790	91197792
4	91618397	91768647
4	91914415	91941029
4	91946664	92146114
4	92472841	92475255
4	93510958	93685935
4	93857244	93859554
4	94438751	95116590
4	95197059	95203357
4	96734419	96747103
4	97509566	97809092
4	97975614	97980854
4	98355725	98357942
4	100977238	101027920
4	101399984	101481662
4	102662699	103008940
4	103780705	104057321
4	104134839	104342395
4	104358931	104498053
4	104733843	104763912
4	105507190	105513335
4	105634488	106030934
4	106150824	106154540
4	106897031	106900926
4	107286147	107377434
4	107765860	107770337
4	108060029	108080934
4	108127829	108131734
4	108170024	108176990
4	108192740	108206631
4	108276697	108279504
4	108419448	108577648
4	108941174	108948091
4	110840741	110845738
4	111712611	111718623
4	111973449	111986181
4	112175127	112180586
4	112265090	112282337
4	112291871	112312290
4	112549676	112554646
4	114354242	114361886
4	115007120	115175224
4	115178242	115182290
4	115254418	115259648
4	115342079	115590325
4	116081591	116182700
4	116264248	116451797
4	116908711	116922966
4	117522311	117620879
4	117824797	118001914
4	118478848	119674742
4	119803765	119811852
4	120946900	120953490
4	121129576	121142877
4	122276876	122291522
4	122986431	122992790
4	123722912	123724171
4	124211226	125379347
4	125637940	125649621
4	126351049	126398134
4	127020375	127024238
4	128657043	128664285
4	128689936	128703950
4	129760450	129883052
4	130053635	130058173
4	130062342	130065491
4	130066759	130068403
4	130074483	130080201
4	130280831	130282936
4	130502578	130523279
4	131162995	131178467
4	131491805	131636053
4	131862077	133005484
4	133105702	133298149
4	133394996	133547735
4	133923695	134047582
4	134115077	134258629
4	134924034	135178352
4	135433008	135435701
4	135639510	135945983
4	137677628	137680351
4	137954865	138014327
4	138090768	138103313
4	138125258	138297132
4	138540248	138713097
4	138966212	138967218
4	139144528	139321065
4	139479294	139485490
4	140314662	140507322
4	140702685	140711370
4	140990859	140995331
4	142065661	142367951
4	142695079	142884988
4	143289470	143290740
4	143788564	143801347
4	144285683	144295952
4	144348293	145131592
4	145948140	145955675
4	146275679	146285462
4	148628710	148631612
4	149051993	149055794
4	149662692	149670650
4	150265854	150272474
4	151160197	151189797
4	151693149	152069566
4	152776271	152809738
4	154549587	154698901
4	155417526	155420295
4	155608347	155616372
4	156435264	156438141
4	156584397	156614954
4	156867461	156891486
4	156963692	156967895
4	157305220	157307047
4	158151887	158382288
4	158550319	158597491
4	159027378	159028491
4	159773611	159970743
4	160955059	162076088
4	162193802	162235875
4	162377769	162559710
4	162734617	162907965
4	163394006	163396422
4	163951410	163974799
4	165532030	165533925
4	165648872	165650749
4	165709659	165718617
4	165801816	165976350
4	166250805	166251867
4	166837633	167262625
4	167891496	168190991
4	168238537	168563008
4	168598325	168605653
4	168734591	169097428
4	169104181	169109723
4	169655057	169659749
4	169689248	169695878
4	171123611	171287955
4	172267259	172295257
4	172324334	172367611
4	172988640	172999816
4	173418319	173438806
4	173449341	173452042
4	173798770	173804327
4	174485079	174490054
4	177033646	177489236
4	178165469	178405374
4	178593268	178611908
4	179137240	179138487
4	179240639	179246431
4	180289121	180324614
4	180699710	180874153
4	181116082	181148889
4	181317318	181323258
4	181467713	181472405
4	181876787	181878304
4	182001475	182002797
4	182159470	182166088
4	182343380	182345147
4	182631480	182649811
4	183558316	183742347
4	185086846	185308951
4	186313125	186474696
4	187060065	190930894
5	17263	2639096
5	3576619	3787514
5	4357812	4555531
5	4980876	5184615
5	5447098	5764620
5	7135014	7203093
5	7229253	7464075
5	7693550	7699194
5	8701920	8790546
5	9758100	9795587
5	9797992	10272709
5	10277798	10279458
5	10639098	10640244
5	10771336	10921776
5	12034304	12208440
5	12780942	13403575
5	13517805	13540437
5	15309984	15333853
5	15678556	15810987
5	17078843	17085787
5	17325802	17936404
5	18151292	18329699
5	18657137	19210239
5	19375295	19376407
5	19546203	19722772
5	20360909	20641792
5	21149153	21713190
5	21778741	22163918
5	22836351	22839461
5	23288587	23304911
5	24370528	24373451
5	24528324	24578138
5	24775163	24791380
5	25894291	25901390
5	25996226	25999633
5	26755286	26934879
5	29065245	29078119
5	31296277	31470128
5	31716680	31724479
5	32028932	32738644
5	33522078	33549014
5	33985846	33988795
5	33989572	33994748
5	34046231	34369869
5	35785518	35956083
5	36047797	36146166
5	37288871	37294107
5	40023374	40178172
5	40874078	41009282
5	41201404	41350560
5	41901383	41909830
5	43951430	44150855
5	44279701	44282022
5	45067774	45250757
5	49445361	49527825
5	49748352	50058182
5	51189068	51222762
5	51860911	51874704
5	52047149	52237359
5	52772280	52777292
5	53357359	53361390
5	53563734	53567735
5	54507960	54509971
5	54788638	54951641
5	54955218	54958725
5	54980895	55058992
5	55182120	55187589
5	55406078	55408331
5	55653073	55672099
5	55912907	55920514
5	57125820	57135050
5	57320938	57339546
5	57680002	57686110
5	57955858	57959508
5	58150803	58396248
5	59489668	59496177
5	60400917	60404500
5	61403138	61748912
5	61855770	61857102
5	61941043	61951416
5	62031365	62102343
5	64890215	64901653
5	65206475	65328823
5	66357925	66550879
5	68134744	68139215
5	68568665	70795884
5	70797114	70967110
5	71899322	72072981
5	72494070	72673454
5	74189495	74337944
5	74433760	74611714
5	74689449	74691380
5	75426863	75474780
5	75611597	75642974
5	75667780	75669370
5	76235990	76238258
5	78109909	78111702
5	79662132	79670063
5	79846835	80027332
5	80909811	81080409
5	81194169	81514737
5	82941311	82944102
5	83311364	83315895
5	84164538	84177726
5	84421682	84449377
5	84999163	85169321
5	85408242	85551526
5	85984981	86184737
5	86369867	86372682
5	86631262	86634353
5	87378881	87382066
5	87706970	87711457
5	88669984	88860383
5	89436408	89451837
5	90955522	91135272
5	92515026	92847345
5	93508405	93517955
5	93765205	94042201
5	94286668	94287875
5	94894032	94915995
5	95231706	95666310
5	96450582	96509294
5	96889331	97015454
5	97028429	97138147
5	97395508	97616089
5	97837626	97844231
5	98597574	98889594
5	99156000	99883371
5	100507726	100790522
5	101150554	101210837
5	101292483	101362582
5	101797243	101958791
5	102135912	102259167
5	103483784	103633568
5	103852670	103983497
5	104198259	104825718
5	106227109	106258750
5	106491726	106551811
5	107161697	107165178
5	107337906	107340794
5	108595075	108601121
5	109192236	109339092
5	109366764	109375697
5	109641860	110152139
5	110417875	110443281
5	111021023	111028025
5	112110808	112238295
5	112276647	112355668
5	112754124	112755837
5	113566317	113568827
5	114013829	114015856
5	114453865	114607159
5	114697260	114737583
5	114756499	114757906
5	115515719	115543623
5	115578810	115633474
5	116126488	116128018
5	116185747	116188342
5	117280136	117942247
5	118451568	118474662
5	118555863	118667748
5	119973839	120259016
5	120274195	120330473
5	120380525	120848760
5	122297703	123286186
5	123461063	123463098
5	123896942	123902482
5	125050863	125287909
5	127148999	127299943
5	127407444	127410920
5	128595738	129012006
5	130071034	130288205
5	130438997	130591912
5	134160887	134319988
5	135165601	135474999
5	137022579	137023902
5	137805584	137837371
5	137846078	137847886
5	140088801	140096977
5	140156940	140828682
5	142638267	142699595
5	142735069	142739490
5	143512878	143515047
5	144173790	144360243
5	144486242	144494842
5	146429843	146539500
5	147269326	147278710
5	147639229	147688568
5	147927141	147933978
5	149125355	149127134
5	149824593	150285742
5	150472942	150477180
5	150605845	150606870
5	151456414	151462447
5	151513383	151522864
5	153082013	153292913
5	153302439	153303502
5	154841121	154866865
5	155380697	155615898
5	156021811	156023574
5	156997608	157233044
5	157615277	157618126
5	158681290	158689831
5	158954262	159187196
5	160538561	160694219
5	161925605	161951486
5	162153972	162159198
5	165222700	165401949
5	165838029	165850050
5	166014376	166015604
5	168269493	168271901
5	168787759	168788935
5	168884571	168886726
5	169383058	169388982
5	171320452	171324765
5	171540423	171735272
5	171954344	172215412
5	172459260	172468273
5	172972737	172974754
5	173002622	173005487
5	173793690	173813348
5	174017363	174025833
5	174714895	174717889
5	174780916	174790161
5	174943479	175120146
5	175346628	175764368
5	176618317	176802444
5	177136260	177168505
5	177612293	180675022
6	60001	775274
6	951385	1008488
6	1069903	1249050
6	2527403	2632108
6	2989582	3016057
6	3716417	3718275
6	3724394	3727880
6	4100333	4377396
6	4745428	5073222
6	5855623	6042504
6	6906717	6910664
6	6994550	7035066
6	7056262	7060011
6	7439070	7503785
6	7504372	7541144
6	7629577	7633277
6	7726443	7729250
6	9006910	9008499
6	9538131	9545696
6	10443797	10643132
6	10906850	10908125
6	11679753	11822351
6	13805047	13809959
6	15668867	15725478
6	16220801	16222876
6	16873271	16912538
6	17406645	17408890
6	17598023	17768042
6	18509160	18533387
6	18983958	19018897
6	19038132	19058692
6	19825697	19993870
6	21767620	21771036
6	21987427	22018994
6	23466080	23644405
6	23891311	23916811
6	24325570	24327514
6	24331709	24334480
6	24395765	24415136
6	24735195	24736679
6	25039374	25199112
6	26643794	27095714
6	27670917	27683572
6	28044346	28049043
6	28075886	28080766
6	28173998	28348033
6	28968930	29975144
6	30644693	30816319
6	31028290	31542308
6	31871512	32209113
6	32367154	32705434
6	32708495	32713086
6	32850752	32999280
6	33085185	33096017
6	33144408	33145425
6	33408542	33421577
6	33472941	33587726
6	33937188	33944014
6	34317538	34318547
6	34382492	34714677
6	35168116	35291002
6	35463741	35806504
6	36265479	36269635
6	36443236	36445871
6	36539364	36541435
6	38291830	38390679
6	38588969	38711085
6	40365509	40368851
6	41588789	41699453
6	44879791	45056758
6	45885642	45887421
6	45926644	46050182
6	46601595	46607072
6	46681403	46683477
6	46700182	46928071
6	47307024	47461399
6	47690067	47707040
6	47880150	48028679
6	48387714	48566656
6	50519339	50667841
6	51258329	51440851
6	51739569	51745606
6	52622104	52666241
6	52792854	52861204
6	53839373	54007349
6	54651356	54660245
6	56953752	56960124
6	57184541	57562604
6	57618440	57632994
6	58067314	58678228
6	58774716	58777524
6	61895472	61914086
6	62085769	62357733
6	62481477	62581142
6	62924723	62928212
6	63511879	63985889
6	64962409	65101826
6	65902222	65911707
6	66115152	66134748
6	66260028	66262033
6	66288674	66298132
6	66354388	66453548
6	66849253	67143902
6	67222214	67314495
6	67664566	67688283
6	67761446	67804416
6	68156441	68526511
6	69595492	69598351
6	70209105	70326025
6	71064671	71126997
6	71523951	72674265
6	72797513	72816640
6	72897199	72906283
6	73530253	73688036
6	74358285	74374999
6	74379731	74381958
6	74567610	74625056
6	74961996	75162222
6	75525739	75625251
6	76192830	76195714
6	77014509	77040270
6	77111857	77291223
6	77418087	77476663
6	78100020	78283042
6	78336955	78580830
6	78795880	79193468
6	80248295	80966483
6	81265495	81304211
6	81813676	81835277
6	82098060	82161121
6	82806658	82956327
6	84733299	84796569
6	87406145	87426088
6	87456503	87645214
6	87817883	87992957
6	88054187	88223625
6	88358988	88441473
6	89090737	89261918
6	89382927	89390514
6	91408654	91571472
6	91818508	91998748
6	92963454	93207176
6	93352009	93369655
6	93573896	93671674
6	93820784	93823364
6	95131700	95394688
6	95417348	96138253
6	96406259	96543676
6	101932126	101953555
6	103148736	103502648
6	103711458	103905397
6	104433026	104606131
6	104922699	104951875
6	105196090	105699964
6	106343389	106347193
6	107318184	107518075
6	108031343	108032386
6	108487814	108663706
6	109858821	109993899
6	110389926	110504680
6	111564273	111587266
6	112224427	112229658
6	113152063	113385690
6	114557760	115642685
6	115788378	115961656
6	117431224	117627275
6	117731177	117740466
6	119251971	119260280
6	120635010	120830963
6	120967277	121029949
6	122723935	122884137
6	123055938	123057453
6	124208822	124293585
6	124656537	124658721
6	127884124	127898305
6	128210400	128315867
6	128842192	128844831
6	129273668	129442955
6	129737421	129739337
6	129740591	129786591
6	130016065	130154811
6	131521115	131735320
6	132316561	132321983
6	133444719	133627364
6	134475504	134485232
6	134624131	134711143
6	136358054	136366975
6	136759935	136909664
6	137349246	137355823
6	137459528	137573338
6	137872325	137920981
6	139441501	139446320
6	139602437	139607067
6	140957346	141057355
6	141283973	141286538
6	142970135	143116517
6	143820009	143825104
6	143916621	144079976
6	144574591	144731630
6	146212285	146230454
6	146623515	146823831
6	147936019	147942921
6	148266753	148271831
6	148443978	148446531
6	148601504	148748807
6	149982057	150002051
6	150517411	150691173
6	151260839	151269123
6	151288208	152182026
6	153029972	153033789
6	153063292	153234730
6	153243675	153246240
6	154119928	154294449
6	154586263	154599177
6	154710736	154757876
6	155118485	155124909
6	155732239	155733482
6	157130754	157958332
6	157968743	158069550
6	158628205	158649353
6	158678870	158758501
6	159415011	159419577
6	159437034	159438860
6	159648448	159813332
6	160003831	160233940
6	160372244	161442377
6	161603136	161608905
6	161935676	161936709
6	162049757	162411250
6	162490938	162507690
6	162523835	163245813
6	163992064	164161903
6	164553614	164744191
6	164749468	164751614
6	165014476	165231204
6	166073581	166078754
6	166141641	166298935
6	166998991	167000180
6	167500378	171025493
7	13709	2606934
7	3286625	3560229
7	3602348	3630349
7	4339413	4439237
7	4592615	4746651
7	5464933	5705158
7	5816997	5840612
7	5840948	6032641
7	6750772	6990043
7	7209911	7493901
7	7835900	7837322
7	7859248	7880222
7	7965319	7968506
7	7986944	7988232
7	8771877	8884077
7	9023566	9522011
7	9805492	9926223
7	10504300	10506133
7	11294891	11352274
7	11696429	12883550
7	12975215	12979881
7	13024178	13027664
7	13100035	13152162
7	13438942	14554888
7	14896877	15299786
7	16015863	16027889
7	16171774	16174072
7	16236162	16527390
7	16873574	17531479
7	17848480	18034218
7	18255684	18455684
7	18730767	18906456
7	19078215	19177498
7	19178786	19210119
7	19227191	19261964
7	19396146	19620962
7	20418918	20420288
7	20429153	20430960
7	20441751	20444251
7	21067953	21069101
7	21489100	21688016
7	22755584	22920910
7	23136487	23147840
7	23720056	23880322
7	24014718	24190121
7	24296007	24322338
7	27445675	27448683
7	27793616	27972869
7	28370506	28593239
7	29513100	29522441
7	29648353	29935372
7	31895271	31902782
7	35542153	35726804
7	35824226	36120438
7	36374155	36376707
7	37063557	37128695
7	37598713	38523455
7	40060180	40269583
7	40384030	40497278
7	43905597	44241223
7	45169406	45358655
7	46873735	46882200
7	46987011	47164839
7	47477307	47486286
7	47728942	47757692
7	48910130	48980462
7	49165332	49166945
7	49365614	49563464
7	52595313	52596525
7	53333024	53583154
7	53852168	53858051
7	53975314	54136360
7	54279904	54392259
7	55286744	55289076
7	55990238	55995589
7	56438225	56438925
7	56764221	56768157
7	56782304	56965485
7	57363606	57959574
7	57995397	58014671
7	61083325	63301279
7	63709739	65373851
7	65842976	65844524
7	66401430	67036341
7	67266758	67275434
7	68454372	68462656
7	69412504	69594161
7	70328157	70357061
7	70420970	70438887
7	71911470	72875898
7	73166364	73366947
7	73697286	73820245
7	73994433	76849379
7	77577173	77584159
7	78548321	78717605
7	78796910	78887925
7	79261464	79427646
7	83220454	83460112
7	83698177	83764309
7	85153322	85318042
7	85420056	85618569
7	86655838	86802722
7	88087029	88329369
7	88413385	89150321
7	89399952	89856644
7	89872065	89875231
7	90220914	90222556
7	91017706	91045734
7	91195176	91236005
7	91375638	91388836
7	92475827	92478046
7	92479772	92518624
7	92684179	92688303
7	93326060	93334446
7	93416942	93423005
7	93649258	93955589
7	94173145	94584630
7	96451352	96494110
7	97361784	97383320
7	97385573	97423298
7	97476284	97648029
7	98819573	99127584
7	99565608	99755131
7	100007700	100089102
7	100162503	101257486
7	101271859	101457938
7	101604004	101781905
7	101900740	102454063
7	103545292	103588152
7	104461487	104482321
7	104626690	104647571
7	104758250	105208492
7	105585666	105587441
7	106491677	106503804
7	106723808	106728719
7	107786650	108011196
7	108532419	108748588
7	109409980	109607619
7	109763596	109912232
7	110174844	110185231
7	110523298	110787849
7	110800911	111307862
7	111573019	112768628
7	113416177	113422222
7	115518049	115555315
7	115584095	115585194
7	115918018	115953033
7	116569927	116573535
7	117020981	118098532
7	118825110	118968970
7	119140650	119171816
7	119585169	119776619
7	120550667	120562313
7	120908459	120993326
7	121059871	121089955
7	121483856	123317140
7	123957376	124089186
7	124412886	124431722
7	124782873	125254203
7	125571419	125894865
7	126046565	126049273
7	126494789	126677843
7	126772562	126781574
7	127128564	127132029
7	127800064	127939461
7	127970345	128147910
7	128410237	128595942
7	129438848	129446659
7	129504412	129512872
7	129759706	129768737
7	130151691	130412153
7	130721756	130870858
7	131709074	131921863
7	132321690	132544483
7	133644369	133854448
7	134060166	134068088
7	136920013	137967849
7	138382038	138384050
7	138638394	138927339
7	140182985	140217670
7	141081752	141096047
7	141620476	141626522
7	141710411	142249760
7	142224913	142724147
7	142850283	142863990
7	143147775	144368638
7	144916882	144921398
7	146968440	146991336
7	147855334	147861703
7	147991143	147993637
7	148072864	148076323
7	148688153	148695174
7	149441590	149956415
7	150228695	150246984
7	150251949	150463804
7	150538821	150663697
7	150735205	150912875
7	151554494	151558613
7	152844064	152850124
7	153001173	153811838
7	154625448	154787822
7	154884824	154889545
7	154905108	154956931
7	154958704	154972955
7	155503856	155509010
7	155681732	155715081
7	156159388	156425867
7	157080269	157091484
7	157118606	157121893
7	157306484	159128529
8	40472	3563279
8	3564244	3566615
8	3599524	6159854
8	6173354	6248958
8	6362389	8411145
8	8707639	8747894
8	8984879	8986276
8	9049381	9070973
8	10277343	15764706
8	15916389	16021468
8	16187558	16966262
8	17291180	17641530
8	18073878	18120729
8	18849508	18879854
8	19740189	19873082
8	19986571	20029603
8	20228949	20514807
8	20533044	23111609
8	24060756	24249446
8	24500510	24510378
8	24925547	24934594
8	24963110	24993705
8	25066679	25070659
8	25269025	25422134
8	25681322	25801382
8	26565770	26581168
8	27402132	27405809
8	27660151	27662804
8	27712622	27715879
8	28077146	28086299
8	28108055	28114393
8	28135218	28144914
8	29471184	29472644
8	32149400	32150623
8	32332191	32342115
8	32490086	32491617
8	32638725	32643194
8	32661203	32705457
8	33429236	33432670
8	33434232	33435906
8	37038633	37048234
8	37664061	37668686
8	38033200	38038040
8	38108133	38110215
8	38366507	38527765
8	39174279	39597639
8	40060963	40069349
8	40180232	40193414
8	40441749	40456492
8	40469760	40471803
8	41121220	41228458
8	41288325	41630405
8	42039907	42049517
8	42173441	42182039
8	42190390	42194352
8	42272170	42281624
8	43306146	43701112
8	47080192	47240641
8	47378467	47565280
8	48180822	48392443
8	48788293	49008014
8	49021820	49023463
8	49106160	49290209
8	50200674	50202999
8	50415233	50657352
8	50873293	51137995
8	51239772	51422844
8	51750040	51883407
8	52458836	52638968
8	53660793	54001092
8	54152982	54161358
8	54474589	54737473
8	54780174	55292539
8	55364584	55373887
8	56507736	56509904
8	56619653	56724996
8	57416402	57423673
8	57618706	57629222
8	57930392	58474449
8	59305290	59342331
8	59488993	59497876
8	60062971	60288276
8	60984213	61021843
8	63156123	63260182
8	63772081	63779449
8	64084331	64294941
8	64658229	64712338
8	64849450	64850681
8	65115877	65117805
8	65988830	66163053
8	66449158	66450540
8	66533044	66535247
8	66631732	66635776
8	66637156	66639112
8	66647130	66651736
8	67990001	67993426
8	68541850	68554213
8	69836813	69943360
8	70644506	70694936
8	70947278	70961429
8	71113293	71115496
8	72214716	72218005
8	72755003	72760723
8	73082895	73089009
8	73291961	73295254
8	73599332	73602637
8	73623643	73635954
8	73787766	73793823
8	74301875	74311424
8	74560708	74562104
8	75732376	75747476
8	76038098	76270334
8	76687064	76894674
8	77337386	77338430
8	77536919	77543395
8	77932820	77938851
8	79622234	79788347
8	79800412	79815108
8	80088391	80247467
8	81473934	81477035
8	81876409	81882359
8	82379953	82381123
8	82754579	82758710
8	85257540	85271644
8	85577422	85726311
8	86055325	86057070
8	86263108	87055053
8	87547393	88917248
8	88963829	89133704
8	90093074	90095123
8	90104843	90110949
8	90199535	90245081
8	90321647	90339342
8	91000786	91329669
8	91974499	92273724
8	93543693	93712926
8	94043542	94905126
8	95558694	95571443
8	96465511	96473913
8	96805854	96815066
8	96823711	96846973
8	97651325	97655465
8	100028848	100369829
8	100404151	100838624
8	102393046	102402505
8	102598319	102604328
8	102609474	102649681
8	103054099	103055219
8	103358567	104068172
8	104368395	104374284
8	105077578	105079489
8	105573376	105746329
8	107086419	107092211
8	107221704	107230062
8	107432988	107442256
8	107857215	107865849
8	108504819	108506363
8	109777655	109782179
8	111380226	111381686
8	111578949	111755170
8	112294053	112297140
8	112311308	112318586
8	113985960	114226699
8	114539800	114543788
8	114575703	115321957
8	115633890	115643353
8	115760003	115765673
8	116879508	117181587
8	117623719	117645687
8	119082062	119312183
8	119943309	120275750
8	121765701	121828919
8	122664738	122674360
8	123058619	123061340
8	123070534	123077636
8	126403424	126409902
8	126416279	126420605
8	126593465	126639253
8	126947861	126955037
8	128714849	128887986
8	129465154	129471281
8	129564425	129715772
8	130755813	130785399
8	130981278	130982674
8	131850751	131852738
8	133021122	133030421
8	133401350	133684889
8	133897517	133900531
8	134006900	134150078
8	134167681	134180473
8	134638338	134827078
8	135061281	135062574
8	135072116	135119435
8	135143604	135174867
8	135251893	135253826
8	135670594	135679735
8	135906540	136085814
8	137368226	137381326
8	137516789	137971230
8	138817140	138819442
8	138886795	138896441
8	138981275	139045146
8	140257928	140259197
8	140332627	140361327
8	140967628	140977205
8	141483135	141484802
8	142002897	142004193
8	143462440	143682428
8	143742729	143912190
8	144120047	144121301
8	144283580	144312586
8	144375901	144377503
8	144651565	144752500
8	145131184	145285644
8	145523693	145769410
8	145778501	145911872
8	146149387	146293414
9	31994	1529128
9	2330643	2397564
9	2965090	2985743
9	4008954	4022297
9	4527262	4528816
9	5109531	5203054
9	5288908	5454512
9	6324376	6331421
9	6576991	6845561
9	7175387	7482982
9	7524075	7561271
9	8087348	8095433
9	9445270	9974221
9	10188450	10370398
9	10512307	10590179
9	10639445	10680025
9	11512989	11711989
9	11793343	12197607
9	12235048	13127738
9	14596657	14739902
9	14778629	14780431
9	15230016	15411786
9	15720059	15737099
9	16063191	16082467
9	16641966	16809203
9	16903850	16918196
9	17146369	17308494
9	17396711	18930055
9	19126476	19161145
9	20756547	20763840
9	20996709	21016929
9	21181454	21199680
9	21281544	21306318
9	21499624	21526526
9	22303833	22305010
9	22464892	22468766
9	22496611	22502632
9	22544001	22547731
9	22628931	22696345
9	23363147	23378121
9	23769754	23775449
9	24467698	26475736
9	28444243	28850774
9	29135948	29309828
9	29364011	29527896
9	29794954	30073518
9	30089859	30094419
9	30209650	30431507
9	30551595	31207028
9	32044918	32065694
9	32095083	32117175
9	33001449	33024917
9	33423362	33424654
9	33617646	33760742
9	33804006	33819555
9	34644298	34650279
9	35327929	35507319
9	35984360	35988828
9	35999407	36001876
9	36882141	36900817
9	37052699	37056904
9	37777285	37950151
9	38489356	38498345
9	38503875	46748544
9	65467680	71153527
9	71234845	71663340
9	72012845	72134376
9	72629228	72637760
9	74256853	74262200
9	77258259	77428297
9	78672204	78742226
9	79365865	79673907
9	79770398	79790544
9	81429309	81474084
9	83367633	84907654
9	85679426	85798990
9	86414024	86603602
9	87548647	87552671
9	88124154	88278437
9	89108307	89114762
9	89959601	89962099
9	90018727	90424980
9	90681945	90689261
9	90953513	90955010
9	92160163	92338734
9	92464425	92714628
9	93638584	93643961
9	93688735	93698322
9	94396059	94400758
9	95834483	95837796
9	96363329	96543004
9	96834042	97042009
9	97185592	97216212
9	98448883	98452564
9	99313413	99315642
9	99440934	99442242
9	99611968	99800592
9	99933275	99937922
9	100386446	100415840
9	101024862	101367692
9	102568176	102747286
9	104637950	104938276
9	106778807	106788381
9	106813465	106840406
9	107359802	107384394
9	107630220	107648127
9	107923523	108112813
9	108295722	108303569
9	109150630	109356078
9	110033455	110035457
9	110537538	110540612
9	112185410	112374776
9	113024890	113029861
9	113799442	113802420
9	113836219	113837971
9	114060711	114065286
9	114577941	114586088
9	114708848	114710063
9	115240454	116002951
9	116792944	117366643
9	119524661	119540634
9	119576334	119578083
9	119939389	119948170
9	119948922	119952185
9	120102641	120108289
9	120696719	120880461
9	122245711	122254969
9	122289187	122303614
9	122824170	122829654
9	123253701	123471089
9	123648197	123842995
9	124762777	124765223
9	125008109	125012347
9	125682140	125691969
9	126712585	126743558
9	126749570	126783005
9	128742864	128765889
9	128875957	129036958
9	129355697	129829550
9	130218458	130220683
9	131464246	131472775
9	131701952	131705307
9	132026686	132028069
9	132599968	132622766
9	132764317	132766202
9	133428984	133431533
9	133590536	133595119
9	133737566	134028561
9	134212188	134214079
9	134271122	134478950
9	134622581	134630915
9	135397172	135405541
9	135943167	135956696
9	136181442	136196879
9	136431601	136459715
9	136541745	136780273
9	136974265	136977594
9	137245660	137267926
9	137294083	137392674
X	343529	694235
X	1821901	3194365
X	3197134	3199426
X	3226333	3246727
X	3678954	3853129
X	4023374	4790687
X	4790887	4800217
X	5055344	5057499
X	5764199	5783856
X	6138253	6147490
X	6279519	6866338
X	6947709	8002862
X	8020438	8091924
X	8172307	8178688
X	9329090	9500420
X	10051136	10232011
X	12020186	12048649
X	12215031	12224319
X	15658770	15724004
X	16472405	16478427
X	16603351	16610522
X	16707512	16708808
X	17186660	17211678
X	18241754	18249918
X	18679168	19146187
X	21966575	21968551
X	22868701	22989565
X	27991531	31596967
X	32555805	32561410
X	33208905	33342793
X	33839129	33841524
X	34043340	34071600
X	37066138	37067824
X	37851026	37854621
X	38579925	38611108
X	39672964	39773747
X	39976627	40551568
X	40750740	43016767
X	43980271	43986177
X	46788419	46811870
X	47486558	47488993
X	47766910	49176740
X	49683261	49760860
X	56739069	56887748
X	56951463	56956036
X	57096951	57177561
X	57632373	57890408
X	58195283	58200246
X	58463474	58483247
X	62201738	62546061
X	63509553	64136689
X	66238345	67319094
X	69640535	71300416
X	73204001	73291435
X	76069743	76151750
X	77224910	77452502
X	78946449	78948835
X	79091333	79104504
X	79466341	79561202
X	79989618	80370141
X	81396340	81411969
X	82803393	82891183
X	83167035	83340794
X	84762161	84768207
X	85187140	85200129
X	85325512	85332313
X	88994589	89263367
X	89454516	89867631
X	89897338	89908531
X	90151836	90446236
X	90971456	90978328
X	92246039	92423760
X	92796300	92801507
X	93401573	93403899
X	95537356	95546792
X	96929899	97055617
X	98219293	98225059
X	100865312	100895176
X	103082401	103455061
X	104303006	104415037
X	104875047	104928231
X	105529589	105694685
X	106166441	106275905
X	108779001	108980892
X	109581771	109711481
X	109939205	109941159
X	112929141	114995744
X	115005232	115000878
X	115139299	115142696
X	115225135	115363988
X	115771164	116101352
X	117598519	117608025
X	118957439	119328984
X	119401425	119582949
X	120008086	120093449
X	120252029	120258884
X	120405207	120410770
X	122051833	122215596
X	122964816	123162565
X	125582490	125732866
X	125850351	125852891
X	127143068	127293687
X	127984118	127992613
X	128321355	128327206
X	128697575	128964085
X	130653993	130655922
X	134135686	134598312
X	134602537	135154741
X	135681961	135690423
X	136983479	137458872
X	139617542	139675085
X	139986263	140834012
X	140980679	141105175
X	141471606	141473295
X	141869700	142068715
X	142620838	142646017
X	143156049	143157213
X	146123909	146788703
X	146846509	146847927
X	147012604	147151812
X	148499836	148515622
X	148568889	148570635
X	148645261	148650295
X	148716557	149129806
X	150876900	150878498
X	151902054	152017752
X	152211056	155041994
X	155050127	155208860
Y	5955799	6326452
Y	7695631	7998068
Y	9130964	9510972
Y	14318561	14485784
Y	19777197	19940656
Y	19958973	20208953
Y	20674826	21005064
Y	23407324	28785351
Y	58844575	58908904
