chr	posStart	posEnd	CN	Sample_ID	conf	numSNP	avgConf	length	CNV_type	method
1	25598276	25642596	1	Sample86.1_3R05C01	19.07	8	2.38375	44321	Loss	iPattern
1	25598276	25642596	1	Sample6.1_4R07C01	16.2	8	2.025	44321	Loss	iPattern
1	25598276	25642596	1	Sample143.1_5R06C01	19.25	8	2.40625	44321	Loss	iPattern
1	25598276	25642596	1	Sample62.1_7R02C01	27	8	3.375	44321	Loss	iPattern
1	25598276	25642596	1	Sample35.1_9R01C01	16.59	8	2.07375	44321	Loss	iPattern
1	25598276	25642596	1	Sample60.1_9R03C01	17.84	8	2.23	44321	Loss	iPattern
1	25598276	25642596	1	Samplec9.1_38R05C01	26.89	8	3.36125	44321	Loss	iPattern
1	25598276	25642596	1	Sample289.1_16R04C01	27.79	8	3.47375	44321	Loss	iPattern
1	25598276	25642596	1	Sample651.1_3R05C01	14.83	8	1.85375	44321	Loss	iPattern
1	25598276	25642596	1	Sample496.1_40R07C01	29.96	8	3.745	44321	Loss	iPattern
1	25598276	25642596	1	Sample130.1_18R01C01	17.4	8	2.175	44321	Loss	iPattern
1	25598276	25642596	1	Sample217.1_18R08C01	20.28	8	2.535	44321	Loss	iPattern
1	25598276	25642596	1	Sample242.1_20R01C01	22.59	8	2.82375	44321	Loss	iPattern
1	25598276	25642596	1	Sample520.1_41R08C01	33.39	8	4.17375	44321	Loss	iPattern
1	25598276	25642596	1	Sample66.1_12R06C01	31.81	8	3.97625	44321	Loss	iPattern
1	25598276	25642596	1	Sample177.1_21R05C01	25.54	8	3.1925	44321	Loss	iPattern
1	25598276	25642596	1	Sample160.1_22R02C01	20.9	8	2.6125	44321	Loss	iPattern
1	25598276	25642596	1	Samplec119.1_18R02C01	19.55	8	2.44375	44321	Loss	iPattern
1	25598276	25642596	1	Sample138.1_23R06C01	23.52	8	2.94	44321	Loss	iPattern
1	25598276	25642596	1	Sample390.1_24R07C01	17.26	8	2.1575	44321	Loss	iPattern
1	25598276	25642596	1	SampleY-37.1_11R02C01	20.91	8	2.61375	44321	Loss	iPattern
1	25598276	25642596	1	Sample212.1_25R06C01	26.63	8	3.32875	44321	Loss	iPattern
1	25598276	25642596	1	Sample686.1_9R03C01	18.67	8	2.33375	44321	Loss	iPattern
1	25598276	25642596	1	Sample668.1_14R05C01	19.34	8	2.4175	44321	Loss	iPattern
1	25598276	25642596	1	Sample256.1_28R07C01	25.32	8	3.165	44321	Loss	iPattern
1	25598276	25642596	1	Sample200.1_29R07C01	32.4	8	4.05	44321	Loss	iPattern
1	25598276	25642596	1	SampleY-70.1_4R01C01	20.15	8	2.51875	44321	Loss	iPattern
1	25598276	25642596	1	Sample235.1_30R03C01	17.06	8	2.1325	44321	Loss	iPattern
1	25598276	25642596	1	Sample283.1_30R06C01	21.45	8	2.68125	44321	Loss	iPattern
1	25598276	25642596	1	SampleY-41.1_1R05C01	25.78	8	3.2225	44321	Loss	iPattern
1	25598276	25642596	1	Sample556.1_43R03C01	26.36	8	3.295	44321	Loss	iPattern
1	25598276	25642596	1	Sample592.1_43R06C01	28.9	8	3.6125	44321	Loss	iPattern
1	25598276	25642596	1	Sample527.1_44R01C01	17.92	8	2.24	44321	Loss	iPattern
1	25598276	25642596	1	Sample550.1_46R07C01	19.96	8	2.495	44321	Loss	iPattern
1	25598276	25642596	1	Sample433.1_48R01C01	19.04	8	2.38	44321	Loss	iPattern
1	25598276	25642596	1	Sample445.1_79R03C01	23.29	8	2.91125	44321	Loss	iPattern
1	25598276	25642596	1	Sample522.1_78R01C01	19.71	8	2.46375	44321	Loss	iPattern
1	25598276	25642596	1	Sample331.1_35R05C01	25.97	8	3.24625	44321	Loss	iPattern
1	25598276	25642596	1	Sample560.1_78R02C01	22.22	8	2.7775	44321	Loss	iPattern
1	25598276	25642596	1	Sample392.1_35R02C01	12.07	8	1.50875	44321	Loss	iPattern
1	25598276	25642596	1	Sample501.1_75R01C01	11.73	8	1.46625	44321	Loss	iPattern
1	25598276	25642596	1	Sample247.1_67R01C01	22.09	8	2.76125	44321	Loss	iPattern
1	25598276	25642596	1	Sample439.1_55R05C01	16.85	8	2.10625	44321	Loss	iPattern
1	25598276	25642596	1	Sample131.1_5R05C01	17.91	8	2.23875	44321	Loss	iPattern
1	25598276	25642596	1	Sample72.1_8R04C01	18.18	8	2.2725	44321	Loss	iPattern
1	25598276	25642596	1	Sample36.1_9R08C01	18.32	8	2.29	44321	Loss	iPattern
1	25598276	25642596	1	Sample724.1_12R04C01	24.24	8	3.03	44321	Loss	iPattern
1	25598276	25642596	1	Sample748.1_26R05C01	18.17	8	2.27125	44321	Loss	iPattern
1	25598276	25642596	1	Sample516.1_37R02C01	23.24	8	2.905	44321	Loss	iPattern
1	25598276	25642596	1	Sample459.1_28R06C01	21.96	8	2.745	44321	Loss	iPattern
1	25598276	25642596	1	Sample533.1_39R08C01	32.24	8	4.03	44321	Loss	iPattern
1	25598276	25642596	1	Sample265.1_16R03C01	18.96	8	2.37	44321	Loss	iPattern
1	25598276	25642596	1	Sample654.1_23R06C01	21.66	8	2.7075	44321	Loss	iPattern
1	25598276	25642596	1	Sample737.1_9R06C01	23.52	8	2.94	44321	Loss	iPattern
1	25598276	25642596	1	Sample611.1_4R05C01	27.92	8	3.49	44321	Loss	iPattern
1	25598276	25642596	1	SampleY-16.1_17R04C01	27.15	8	3.39375	44321	Loss	iPattern
1	25598276	25642596	1	Sample569.1_41R04C01	22.89	8	2.86125	44321	Loss	iPattern
1	25598276	25642596	1	Sample751.1_10R04C01	22.17	8	2.77125	44321	Loss	iPattern
1	25598276	25642596	1	SampleY-53.1_21R08C01	13.27	8	1.65875	44321	Loss	iPattern
1	25598276	25642596	1	Sample29.1_11R03C01	25.16	8	3.145	44321	Loss	iPattern
1	25598276	25642596	1	Sample694.1_19R07C01	25.76	8	3.22	44321	Loss	iPattern
1	25598276	25642596	1	Sample13.1_12R02C01	30.73	8	3.84125	44321	Loss	iPattern
1	25598276	25642596	1	SampleY-59.1_28R08C01	22.65	8	2.83125	44321	Loss	iPattern
1	25598276	25642596	1	Sample141.1_21R02C01	21.73	8	2.71625	44321	Loss	iPattern
1	25598276	25642596	1	SampleY-47.1_4R04C01	27.89	8	3.48625	44321	Loss	iPattern
1	25598276	25642596	1	Sample697.1_24R05C01	25.43	8	3.17875	44321	Loss	iPattern
1	25598276	25642596	1	Sample400.1_9R01C01	25.01	8	3.12625	44321	Loss	iPattern
1	25598276	25642596	1	Sample255.1_28R01C01	21.14	8	2.6425	44321	Loss	iPattern
1	25598276	25642596	1	Samplec97.1_10R06C01	16.92	8	2.115	44321	Loss	iPattern
1	25598276	25642596	1	Sample296.1_30R07C01	16.7	8	2.0875	44321	Loss	iPattern
1	25598276	25642596	1	SampleY-58.1_3R08C01	14.27	8	1.78375	44321	Loss	iPattern
1	25598276	25642596	1	Sample371.1_31R02C01	19.71	8	2.46375	44321	Loss	iPattern
1	25598276	25642596	1	SampleY-68.1_27R01C01	12.81	8	1.60125	44321	Loss	iPattern
1	25598276	25642596	1	Sample580.1_43R05C01	37.41	8	4.67625	44321	Loss	iPattern
1	25598276	25642596	1	Sample15.1_71R04C01	17.87	8	2.23375	44321	Loss	iPattern
1	25598276	25642596	1	Sample110.1_62R05C01	25.08	8	3.135	44321	Loss	iPattern
1	25598276	25642596	1	Sample192.1_63R04C01	17.28	8	2.16	44321	Loss	iPattern
1	25598276	25642596	1	Sample379.1_34R03C01	22.39	8	2.79875	44321	Loss	iPattern
1	25598276	25642596	1	Sample157.1_63R08C01	20.82	8	2.6025	44321	Loss	iPattern
1	25598276	25642596	1	Samplec39.1_59R05C01	27.17	8	3.39625	44321	Loss	iPattern
1	25598276	25642596	1	Samplec14.1_59R07C01	21.63	8	2.70375	44321	Loss	iPattern
1	25598276	25642596	1	Sample252.1_33R05C01	19.32	8	2.415	44321	Loss	iPattern
1	25598276	25642596	1	Samplec44.1_65R04C01	15.49	8	1.93625	44321	Loss	iPattern
1	25598276	25642596	1	Sample285.1_67R04C01	20.95	8	2.61875	44321	Loss	iPattern
1	25598276	25669467	1	Sample21.1_6R08C01	14.7	10	1.47	71192	Loss	iPattern
1	25598276	25669467	1	Sample334.1_16R07C01	13.82	10	1.382	71192	Loss	iPattern
1	25598276	25669467	1	Sample38.1_71R08C01	13.88	10	1.388	71192	Loss	iPattern
1	25598276	25669467	1	Sample303.1_33R07C01	16.36	10	1.636	71192	Loss	iPattern
1	25598276	25669467	1	Sample422.1_52R08C01	16.44	10	1.644	71192	Loss	iPattern
1	25598276	25669467	1	Sample404.1_24R08C01	12.77	10	1.277	71192	Loss	iPattern
1	25598276	25669467	1	Sample345.1_36R03C01	17.46	10	1.746	71192	Loss	iPattern
1	25598276	25669467	1	Sample171.1_78R07C01	15.15	10	1.515	71192	Loss	iPattern
1	25598276	25669467	1	Sample424.1_53R08C01	11.77	10	1.177	71192	Loss	iPattern
1	25598276	25669467	1	Sample526.1_57R04C01	23.21	10	2.321	71192	Loss	iPattern
