chr	posStart	posEnd	CN	Sample_ID	conf	numSNP	avgConf	length	CNV_type	method
1	25598276	25638253	3	Sample100.1_3R06C01	4.05203	7	0.578861428571429	39978	Gain	QuantiSNP
1	25598276	25642596	3	Sample108.1_63R05C01	9.94526	8	1.2431575	44321	Gain	QuantiSNP
1	25598276	25642596	3	Sample119.1_63R02C01	2.18403	8	0.27300375	44321	Gain	QuantiSNP
1	25598276	25642596	3	Sample121.1_63R06C01	8.60815	8	1.07601875	44321	Gain	QuantiSNP
1	25598276	25642596	3	Sample124.1_78R08C01	16.4803	8	2.0600375	44321	Gain	QuantiSNP
1	25627470	25642596	3	Sample125.1_22R06C01	4.86867	7	0.695524285714286	15127	Gain	QuantiSNP
1	25598276	25638253	3	Sample126.1_23R05C01	9.03692	7	1.29098857142857	39978	Gain	QuantiSNP
1	25598276	25629950	1	Sample127.1_70R03C01	18.9998	5	3.79996	31675	Loss	QuantiSNP
1	25598276	25629950	1	Sample139.1_70R04C01	12.9404	5	2.58808	31675	Loss	QuantiSNP
1	25598276	25642596	3	Sample142.1_70R05C01	9.2058	8	1.150725	44321	Gain	QuantiSNP
1	25598276	25638253	3	Sample161.1_23R01C01	4.33492	7	0.619274285714286	39978	Gain	QuantiSNP
1	25598276	25642596	3	Sample166.1_18R03C01	17.3779	8	2.1722375	44321	Gain	QuantiSNP
1	25627470	25638253	3	Sample167.1_44R03C01	11.4517	6	1.90861666666667	10784	Gain	QuantiSNP
1	25629943	25642596	3	Sample169.1_62R01C01	13.5597	5	2.71194	12654	Gain	QuantiSNP
1	25598276	25642596	3	Sample172.1_62R08C01	8.46983	8	1.05872875	44321	Gain	QuantiSNP
1	25598276	25642596	3	Sample18.1_4R08C01	1.8337	8	0.2292125	44321	Gain	QuantiSNP
1	25598276	25642596	3	Sample195.1_62R07C01	10.9461	8	1.3682625	44321	Gain	QuantiSNP
1	25598276	25642596	3	Sample205.1_70R07C01	7.52285	8	0.94035625	44321	Gain	QuantiSNP
1	25598276	25642596	3	Sample209.1_30R02C01	0.543627	8	0.067953375	44321	Gain	QuantiSNP
1	25598276	25638253	3	Sample219.1_28R04C01	7.28972	7	1.04138857142857	39978	Gain	QuantiSNP
1	25598276	25642596	3	Sample227.1_68R01C01	6.54151	8	0.81768875	44321	Gain	QuantiSNP
1	25598276	25642596	3	Sample236.1_67R03C01	3.70644	8	0.463305	44321	Gain	QuantiSNP
1	25598276	25638253	3	Sample237.1_25R08C01	2.80132	7	0.400188571428571	39978	Gain	QuantiSNP
1	25598276	25642596	1	Sample243.1_20R08C01	16.0652	8	2.00815	44321	Loss	QuantiSNP
1	25598276	25642596	3	Sample261.1_32R02C01	7.99707	8	0.99963375	44321	Gain	QuantiSNP
1	25598276	25642596	3	Sample262.1_32R08C01	11.5614	8	1.445175	44321	Gain	QuantiSNP
1	25598276	25629950	1	Sample266.1_20R03C01	14.7599	5	2.95198	31675	Loss	QuantiSNP
1	25598276	25629950	1	Sample273.1_32R03C01	13.9294	5	2.78588	31675	Loss	QuantiSNP
1	25598276	25629950	1	Sample275.1_33R04C01	13.5034	5	2.70068	31675	Loss	QuantiSNP
1	25598276	25638253	1	Sample278.1_20R04C01	18.6362	7	2.66231428571429	39978	Loss	QuantiSNP
1	25598276	25638253	3	Sample281.1_27R05C01	3.04208	7	0.434582857142857	39978	Gain	QuantiSNP
1	25598276	25642596	3	Sample282.1_27R08C01	0.613086	8	0.07663575	44321	Gain	QuantiSNP
1	25598276	25642596	3	Sample291.1_20R05C01	6.36673	8	0.79584125	44321	Gain	QuantiSNP
1	25598276	25642596	3	Sample294.1_72R06C01	6.31589	8	0.78948625	44321	Gain	QuantiSNP
1	25598276	25642596	3	Sample297.1_25R05C01	6.15803	8	0.76975375	44321	Gain	QuantiSNP
1	25598276	25638253	3	Sample308.1_31R03C01	0.207963	7	0.029709	39978	Gain	QuantiSNP
1	25598276	25642596	1	Sample309.1_66R07C01	20.5669	8	2.5708625	44321	Loss	QuantiSNP
1	25629943	25642596	3	Sample314.1_80R08C01	12.3155	5	2.4631	12654	Gain	QuantiSNP
1	25598276	25629950	1	Sample317.1_35R04C01	12.1177	5	2.42354	31675	Loss	QuantiSNP
1	25598276	25638253	3	Sample320.1_16R06C01	4.8707	7	0.695814285714286	39978	Gain	QuantiSNP
1	25598276	25642596	3	Sample323.1_69R02C01	4.10757	8	0.51344625	44321	Gain	QuantiSNP
1	25598276	25638253	3	Sample328.1_13R02C01	10.3853	6	1.73088333333333	39978	Gain	QuantiSNP
1	25598276	25638253	1	Sample332.1_73R01C01	19.6671	7	2.80958571428571	39978	Loss	QuantiSNP
1	25598276	25642596	1	Sample349.1_19R03C01	20.8153	8	2.6019125	44321	Loss	QuantiSNP
1	25598276	25638253	3	Sample356.1_35R06C01	7.99647	7	1.14235285714286	39978	Gain	QuantiSNP
1	25598276	25642596	3	Sample357.1_36R04C01	13.6046	8	1.700575	44321	Gain	QuantiSNP
1	25598276	25642596	1	Sample358.1_52R03C01	19.4456	8	2.4307	44321	Loss	QuantiSNP
1	25627470	25638253	3	Sample360.1_31R06C01	4.52212	6	0.753686666666667	10784	Gain	QuantiSNP
1	25598276	25629950	3	Sample363.1_17R05C01	8.85061	5	1.770122	31675	Gain	QuantiSNP
1	25598276	25642596	3	Sample369.1_36R05C01	4.06593	8	0.50824125	44321	Gain	QuantiSNP
1	25598276	25642596	3	Sample375.1_69R05C01	6.37298	8	0.7966225	44321	Gain	QuantiSNP
1	25598276	25638253	3	Sample376.1_17R06C01	2.94036	7	0.420051428571429	39978	Gain	QuantiSNP
1	25598276	25642596	3	Sample378.1_24R06C01	13.8549	8	1.7318625	44321	Gain	QuantiSNP
1	25598276	25642596	3	Sample388.1_17R07C01	8.63671	8	1.07958875	44321	Gain	QuantiSNP
1	25598276	25642596	3	Sample402.1_69R08C01	8.97555	8	1.12194375	44321	Gain	QuantiSNP
1	25598276	25642596	3	Sample402.1_74R03C01	13.1224	8	1.6403	44321	Gain	QuantiSNP
1	25627470	25642596	3	Sample407.1_36R02C01	5.65946	7	0.808494285714286	15127	Gain	QuantiSNP
1	25598276	25642596	3	Sample417.1_77R05C01	19.0808	8	2.3851	44321	Gain	QuantiSNP
1	25598276	25629950	1	Sample431.1_79R01C01	16.467	5	3.2934	31675	Loss	QuantiSNP
1	25598276	25642596	3	Sample438.1_73R08C01	4.94542	8	0.6181775	44321	Gain	QuantiSNP
1	25598276	25642596	3	Sample448.1_53R01C01	7.05554	8	0.8819425	44321	Gain	QuantiSNP
1	25598276	25642596	3	Sample463.1_50R08C01	1.82352	8	0.22794	44321	Gain	QuantiSNP
1	25598276	25642596	3	Sample464.1_55R06C01	22.5451	8	2.8181375	44321	Gain	QuantiSNP
1	25598276	25638253	3	Sample47.1_9R02C01	4.78743	7	0.683918571428571	39978	Gain	QuantiSNP
1	25598276	25638253	1	Sample472.1_48R03C01	21.8442	7	3.1206	39978	Loss	QuantiSNP
1	25598276	25642596	3	Sample475.1_50R04C01	8.12018	8	1.0150225	44321	Gain	QuantiSNP
1	25598276	25642596	3	Sample476.1_55R01C01	20.4309	8	2.5538625	44321	Gain	QuantiSNP
1	25598276	25642596	3	Sample477.1_75R03C01	9.45939	8	1.18242375	44321	Gain	QuantiSNP
1	25598276	25642596	3	Sample485.1_79R06C01	11.2973	8	1.4121625	44321	Gain	QuantiSNP
1	25598276	25629950	3	Sample491.1_54R04C01	15.2998	5	3.05996	31675	Gain	QuantiSNP
1	25627470	25642596	3	Sample492.1_49R01C01	0.663154	7	0.0947362857142857	15127	Gain	QuantiSNP
1	25598276	25642596	3	Sample504.1_77R02C01	5.11496	8	0.63937	44321	Gain	QuantiSNP
1	25598276	25642596	3	Sample505.1_77R04C01	16.027	8	2.003375	44321	Gain	QuantiSNP
1	25598276	25642596	3	Sample506.1_77R07C01	8.47885	8	1.05985625	44321	Gain	QuantiSNP
1	25598276	25638253	3	Sample510.1_47R04C01	8.68003	7	1.24000428571429	39978	Gain	QuantiSNP
1	25598276	25642596	3	Sample529.1_76R05C01	8.63588	8	1.079485	44321	Gain	QuantiSNP
1	25598276	25642596	3	Sample538.1_76R02C01	17.5925	8	2.1990625	44321	Gain	QuantiSNP
1	25598276	25638253	3	Sample540.1_44R04C01	7.68229	7	1.09747	39978	Gain	QuantiSNP
1	25598276	25629950	3	Sample542.1_42R03C01	20.0362	5	4.00724	31675	Gain	QuantiSNP
1	25627470	25638253	3	Sample554.1_37R05C01	7.91008	6	1.31834666666667	10784	Gain	QuantiSNP
1	25598276	25638253	3	Sample564.1_57R05C01	10.6977	7	1.52824285714286	39978	Gain	QuantiSNP
1	25627470	25638253	3	Sample566.1_37R06C01	1.98509	6	0.330848333333333	10784	Gain	QuantiSNP
1	25598276	25642596	3	Sample575.1_57R01C01	5.66285	8	0.70785625	44321	Gain	QuantiSNP
1	25598276	25642596	3	Sample58.1_3R03C01	7.08843	8	0.88605375	44321	Gain	QuantiSNP
1	25598276	25642596	3	Sample583.1_76R08C01	1.28627	8	0.16078375	44321	Gain	QuantiSNP
1	25598276	25642596	3	Sample584.1_78R03C01	7.37858	8	0.9223225	44321	Gain	QuantiSNP
1	25627470	25638253	3	Sample587.1_57R02C01	11.0545	6	1.84241666666667	10784	Gain	QuantiSNP
1	25598276	25638253	3	Sample588.1_57R06C01	7.55628	7	1.07946857142857	39978	Gain	QuantiSNP
1	25627470	25642596	3	Sample625.1_4R08C01	0.0820793	6	0.0136798833333333	15127	Gain	QuantiSNP
1	25598276	25642596	1	Sample626.1_11R04C01	15.2668	7	2.18097142857143	44321	Loss	QuantiSNP
1	25598276	25638253	1	Sample660.1_9R02C01	14.3275	6	2.38791666666667	39978	Loss	QuantiSNP
1	25598276	25638253	3	Sample7.1_8R07C01	14.0671	7	2.00958571428571	39978	Gain	QuantiSNP
1	25598276	25638253	3	Sample704.1_13R08C01	10.2507	6	1.70845	39978	Gain	QuantiSNP
1	25598276	25642596	3	Sample709.1_7R05C01	0.342095	7	0.0488707142857143	44321	Gain	QuantiSNP
1	25598276	25629950	3	Sample721.1_24R06C01	4.30825	5	0.86165	31675	Gain	QuantiSNP
1	25598276	25642596	1	Sample739.1_13R07C01	15.0622	7	2.15174285714286	44321	Loss	QuantiSNP
1	25598276	25638253	3	Sample74.1_6R04C01	1.76736	7	0.25248	39978	Gain	QuantiSNP
1	25598276	25638253	3	Sample745.1_7R02C01	0.780356	6	0.130059333333333	39978	Gain	QuantiSNP
1	25627470	25642596	3	Sample746.1_29R04C01	4.41411	6	0.735685	15127	Gain	QuantiSNP
1	25598276	25638253	3	Sample75.1_9R04C01	14.5811	7	2.08301428571429	39978	Gain	QuantiSNP
1	25598276	25638253	3	Sample83.1_4R05C01	4.46067	7	0.637238571428571	39978	Gain	QuantiSNP
1	25598276	25629950	3	Sample94.1_12R08C01	0.698268	5	0.1396536	31675	Gain	QuantiSNP
1	25598276	25642596	3	Sample98.1_4R06C01	9.87336	8	1.23417	44321	Gain	QuantiSNP
1	25598276	25629950	3	SampleY-26.1_15R03C01	4.79464	5	0.958928	31675	Gain	QuantiSNP
1	25598276	25642596	1	SampleY-34.1_17R06C01	28.4924	7	4.07034285714286	44321	Loss	QuantiSNP
1	25627470	25642596	3	SampleY-46.1_3R07C01	1.20922	6	0.201536666666667	15127	Gain	QuantiSNP
1	25598276	25642596	3	SampleY-55.1_6R03C01	5.26557	7	0.752224285714286	44321	Gain	QuantiSNP
1	25598276	25642596	3	SampleY-60.1_23R04C01	1.83716	7	0.262451428571429	44321	Gain	QuantiSNP
1	25598276	25642596	3	SampleY-66.1_13R04C01	6.33878	7	0.90554	44321	Gain	QuantiSNP
1	25598276	25638253	1	Samplec103.1_7R04C01	10.4957	6	1.74928333333333	39978	Loss	QuantiSNP
1	25627470	25638253	3	Samplec111.1_20R06C01	10.3684	5	2.07368	10784	Gain	QuantiSNP
1	25627470	25642596	3	Samplec112.1_20R07C01	5.45517	6	0.909195	15127	Gain	QuantiSNP
1	25598276	25638253	1	Samplec113.1_20R08C01	13.8458	6	2.30763333333333	39978	Loss	QuantiSNP
1	25598276	25629950	3	Samplec115.1_12R07C01	0.489012	5	0.0978024	31675	Gain	QuantiSNP
1	25598276	25642596	1	Samplec116.1_12R08C01	13.2119	7	1.88741428571429	44321	Loss	QuantiSNP
1	25598276	25638253	3	Samplec124.1_8R05C01	0.783226	6	0.130537666666667	39978	Gain	QuantiSNP
1	25598276	25638253	1	Samplec134.1_30R03C01	18.9541	6	3.15901666666667	39978	Loss	QuantiSNP
1	25598276	25642596	1	Samplec16.1_26R06C01	28.4213	7	4.06018571428571	44321	Loss	QuantiSNP
1	25598276	25629950	1	Samplec17.1_60R08C01	14.591	5	2.9182	31675	Loss	QuantiSNP
1	25598276	25642596	3	Samplec20.1_65R07C01	0.319406	8	0.03992575	44321	Gain	QuantiSNP
1	25598276	25642596	3	Samplec22.1_61R03C01	9.54339	8	1.19292375	44321	Gain	QuantiSNP
1	25598276	25629950	3	Samplec27.1_78R06C01	0.0851005	5	0.0170201	31675	Gain	QuantiSNP
1	25627470	25638253	3	Samplec31.1_58R06C01	0.593463	6	0.0989105	10784	Gain	QuantiSNP
1	25598276	25642596	3	Samplec35.1_61R04C01	1.80077	8	0.22509625	44321	Gain	QuantiSNP
1	25598276	25642596	3	Samplec55.1_53R03C01	0.173868	8	0.0217335	44321	Gain	QuantiSNP
1	25598276	25638253	3	Samplec57.1_64R04C01	10.1527	7	1.45038571428571	39978	Gain	QuantiSNP
1	25598276	25642596	3	Samplec58.1_61R01C01	12.8555	8	1.6069375	44321	Gain	QuantiSNP
1	25598276	25638253	3	Samplec59.1_61R06C01	19.3747	7	2.76781428571429	39978	Gain	QuantiSNP
1	25598276	25642596	1	Samplec6.1_7R08C01	14.5154	7	2.07362857142857	44321	Loss	QuantiSNP
1	25598276	25629950	1	Samplec65.1_60R07C01	12.5598	5	2.51196	31675	Loss	QuantiSNP
1	25598276	25642596	3	Samplec72.1_65R06C01	0.813839	8	0.101729875	44321	Gain	QuantiSNP
1	25598276	25629950	3	Samplec76.1_12R05C01	9.24304	5	1.848608	31675	Gain	QuantiSNP
