File	LRR_mean	LRR_median	LRR_SD	BAF_mean	BAF_median	BAF_SD	BAF_drift	WF	NumCNV
Samplec23.1_61R07C01.txt	-0.0037	0.0000	0.0871	0.5001	0.5000	0.0262	0.000032	-0.0050	13
Samplec128.1_18R06C01.txt	0.0117	0.0000	0.1057	0.4998	0.5000	0.0262	0.000042	0.0058	28
Sample560.1_78R02C01.txt	-0.0023	0.0000	0.0781	0.5012	0.5000	0.0279	0.000037	-0.0037	22
Samplec51.1_78R05C01.txt	-0.0007	0.0000	0.0852	0.5001	0.5000	0.0269	0.000023	0.0043	15
Sample127.1_70R03C01.txt	-0.0078	0.0000	0.0892	0.5019	0.5000	0.0287	0.000028	-0.0046	15
Sample96.1_10R08C01.txt	0.0008	0.0000	0.0842	0.5021	0.5000	0.0256	0.000031	0.0039	22
Sample589.1_44R08C01.txt	-0.0004	0.0000	0.0724	0.5003	0.5000	0.0244	0.000031	-0.0036	17
Sample732.1_24R04C01.txt	0.0041	0.0000	0.0919	0.5008	0.5000	0.0259	0.000038	0.0047	19
Sample377.1_24R01C01.txt	-0.0248	0.0000	0.1503	0.5098	0.5000	0.0508	0.000438	0.0089	34
Sample312.1_64R03C01.txt	-0.0054	0.0000	0.0885	0.5011	0.5000	0.0276	0.000033	-0.0056	23
Sample157.1_63R08C01.txt	0.0022	0.0000	0.0826	0.4999	0.5000	0.0252	0.000032	-0.0049	22
Sample484.1_40R06C01.txt	0.0020	0.0000	0.0801	0.5009	0.5000	0.0246	0.000032	0.0041	19
Sample280.1_72R03C01.txt	-0.0005	0.0000	0.0778	0.5012	0.5000	0.0265	0.000027	0.0039	31
Sample491.1_54R04C01.txt	0.0003	0.0000	0.0741	0.5009	0.5000	0.0243	0.000021	-0.0040	15
Sample199.1_26R07C01.txt	0.0013	0.0000	0.0784	0.5013	0.5000	0.0250	0.000020	0.0036	18
Sample330.1_34R06C01.txt	0.0081	0.0000	0.0982	0.5004	0.5000	0.0240	0.000040	-0.0063	23
Sample592.1_43R06C01.txt	0.0009	0.0000	0.0805	0.5004	0.5000	0.0244	0.000039	0.0043	21
Sample636.1_1R02C01.txt	0.0059	0.0000	0.0868	0.5011	0.5000	0.0252	0.000033	-0.0058	15
Samplec31.1_58R06C01.txt	-0.0054	0.0000	0.1131	0.5001	0.5000	0.0285	0.000096	0.0099	38
Sample4.1_11R01C01.txt	-0.0124	0.0000	0.1088	0.5049	0.5000	0.0350	0.000086	0.0054	15
Samplec16.1_26R06C01.txt	0.0039	0.0000	0.1043	0.4995	0.5000	0.0272	0.000029	-0.0099	27
Sample598.1_56R03C01.txt	-0.0066	0.0000	0.1035	0.4995	0.5000	0.0284	0.000038	-0.0069	20
Sample401.1_28R01C01.txt	-0.0215	0.0000	0.1365	0.5044	0.5000	0.0386	0.000072	0.0110	26
Sample202.1_21R07C01.txt	-0.0193	0.0000	0.1194	0.5036	0.5000	0.0317	0.000044	0.0055	27
Sample163.1_26R04C01.txt	0.0034	0.0000	0.0757	0.5018	0.5000	0.0243	0.000032	0.0045	29
Sample579.1_42R05C01.txt	-0.0005	0.0000	0.0826	0.5012	0.5000	0.0260	0.000025	0.0043	24
Sample336.1_66R08C01.txt	-0.0022	0.0000	0.1027	0.4994	0.5000	0.0303	0.000057	-0.0064	29
SampleY-35.1_17R08C01.txt	-0.0260	0.0000	0.1424	0.5036	0.5000	0.0348	0.000045	0.0106	47
SampleY-24.1_11R01C01.txt	0.0031	0.0000	0.0872	0.5012	0.5000	0.0254	0.000037	-0.0076	30
Sample557.1_41R03C01.txt	-0.0189	0.0000	0.1249	0.5027	0.5000	0.0323	0.000057	0.0093	35
Sample662.1_27R02C01.txt	-0.0048	0.0000	0.1017	0.5012	0.5000	0.0304	0.000045	0.0047	26
Sample213.1_32R05C01.txt	0.0055	0.0000	0.0867	0.5008	0.5000	0.0239	0.000023	-0.0060	23
Sample669.1_21R02C01.txt	0.0152	0.0000	0.1282	0.5003	0.5000	0.0254	0.000060	-0.0107	25
SampleY-59.1_28R08C01.txt	-0.0135	0.0000	0.1105	0.5013	0.5000	0.0304	0.000025	0.0066	25
Sample114.1_81R01C01.txt	-0.0074	0.0000	0.0884	0.5027	0.5000	0.0318	0.000040	-0.0046	17
Sample593.1_41R06C01.txt	-0.0125	0.0000	0.1068	0.5015	0.5000	0.0277	0.000066	0.0059	20
Sample419.1_40R02C01.txt	-0.0018	0.0000	0.0765	0.5020	0.5000	0.0267	0.000039	0.0044	28
Sample383.1_52R05C01.txt	-0.0031	0.0000	0.0782	0.5004	0.5000	0.0255	0.000021	-0.0045	20
Sample581.1_41R05C01.txt	-0.0156	0.0000	0.1152	0.5021	0.5000	0.0293	0.000063	0.0057	38
Sample460.1_47R01C01.txt	-0.0088	0.0000	0.0989	0.5034	0.5000	0.0310	0.000041	0.0060	28
Sample354.1_82R01C01.txt	-0.0167	0.0000	0.1218	0.5052	0.5000	0.0373	0.000106	0.0054	22
SampleY-27.1_1R01C01.txt	0.0039	0.0000	0.0878	0.5010	0.5000	0.0259	0.000065	-0.0072	26
Sample586.1_56R02C01.txt	-0.0043	0.0000	0.0967	0.5005	0.5000	0.0277	0.000041	0.0068	33
Sample459.1_28R06C01.txt	-0.0001	0.0000	0.0809	0.4997	0.5000	0.0238	0.000032	-0.0068	18
Sample498.1_47R03C01.txt	-0.0093	0.0000	0.0885	0.5025	0.5000	0.0285	0.000031	-0.0040	16
Sample515.1_57R08C01.txt	0.0039	0.0000	0.0833	0.5002	0.5000	0.0245	0.000023	-0.0045	30
Sample478.1_54R03C01.txt	-0.0024	0.0000	0.0724	0.5013	0.5000	0.0253	0.000034	0.0038	20
Sample312.1_80R01C01.txt	-0.0082	0.0000	0.1034	0.5038	0.5000	0.0339	0.000061	-0.0047	26
Sample156.1_13R06C01.txt	-0.0002	0.0000	0.0885	0.5015	0.5000	0.0264	0.000034	-0.0059	22
Sample666.1_23R07C01.txt	0.0100	0.0000	0.1022	0.4995	0.5000	0.0261	0.000041	-0.0043	28
Sample385.1_31R08C01.txt	-0.0270	0.0000	0.1244	0.5039	0.5000	0.0334	0.000111	0.0072	21
Sample317.1_35R04C01.txt	-0.0014	0.0000	0.0741	0.5015	0.5000	0.0255	0.000031	0.0036	15
Sample345.1_36R03C01.txt	-0.0016	0.0000	0.0795	0.5024	0.5000	0.0278	0.000027	0.0040	14
SampleY-36.1_15R02C01.txt	0.0019	0.0000	0.0988	0.5008	0.5000	0.0271	0.000045	0.0059	24
Sample5.1_71R05C01.txt	-0.0083	0.0000	0.0956	0.5002	0.5000	0.0298	0.000032	0.0046	19
SampleY-73.1_14R01C01.txt	-0.0050	0.0000	0.0973	0.5029	0.5000	0.0304	0.000053	0.0052	20
Sample587.1_57R02C01.txt	0.0001	0.0000	0.0748	0.5020	0.5000	0.0263	0.000027	0.0057	16
Samplec58.1_61R01C01.txt	-0.0096	0.0000	0.0982	0.5017	0.5000	0.0307	0.000025	0.0051	17
Sample711.1_12R01C01.txt	-0.0045	0.0000	0.0965	0.5024	0.5000	0.0297	0.000040	-0.0061	30
Sample434.1_48R07C01.txt	-0.0032	0.0000	0.0764	0.5004	0.5000	0.0251	0.000032	-0.0037	31
Sample73.1_3R04C01.txt	-0.0009	0.0000	0.0882	0.5031	0.5000	0.0293	0.000022	0.0054	33
Samplec38.1_59R01C01.txt	-0.0062	0.0000	0.0917	0.5019	0.5000	0.0300	0.000061	-0.0043	13
Sample626.1_11R04C01.txt	0.0088	0.0000	0.0969	0.5011	0.5000	0.0248	0.000045	-0.0061	20
Samplec7.1_41R07C01.txt	-0.0123	0.0000	0.1033	0.5013	0.5000	0.0271	0.000091	0.0063	22
SampleY-46.1_3R07C01.txt	0.0110	0.0000	0.1045	0.5009	0.5000	0.0266	0.000037	-0.0057	25
Sample338.1_17R03C01.txt	-0.0040	0.0000	0.0706	0.5030	0.5000	0.0280	0.000027	0.0035	25
Sample543.1_43R02C01.txt	-0.0069	0.0000	0.0847	0.5016	0.5000	0.0271	0.000055	0.0052	31
Samplec13.1_59R03C01.txt	-0.0088	0.0000	0.1071	0.5012	0.5000	0.0300	0.000070	0.0085	39
Sample160.1_22R02C01.txt	0.0014	0.0000	0.0739	0.5023	0.5000	0.0258	0.000036	-0.0051	24
Sample660.1_9R02C01.txt	0.0079	0.0000	0.0929	0.5014	0.5000	0.0253	0.000044	-0.0052	21
SampleY-49.1_11R03C01.txt	0.0067	0.0000	0.0933	0.5012	0.5000	0.0242	0.000033	-0.0078	26
Sample400.1_9R01C01.txt	0.0068	0.0000	0.1040	0.5016	0.5000	0.0256	0.000051	-0.0134	63
Sample270.1_81R03C01.txt	-0.0126	0.0000	0.1095	0.5026	0.5000	0.0305	0.000046	0.0126	42
Sample309.1_66R07C01.txt	-0.0046	0.0000	0.0975	0.4991	0.5000	0.0295	0.000042	-0.0052	26
Sample722.1_29R07C01.txt	0.0047	0.0000	0.0799	0.4995	0.5000	0.0239	0.000029	-0.0043	29
Samplec92.1_7R06C01.txt	0.0146	0.0000	0.1145	0.4999	0.5000	0.0283	0.000018	-0.0061	18
SampleY-51.1_14R07C01.txt	0.0120	0.0000	0.1098	0.4995	0.5000	0.0252	0.000072	-0.0056	20
Sample754.1_24R01C01.txt	-0.0306	0.0000	0.1852	0.5058	0.5000	0.0538	0.000233	0.0150	45
SampleY-45.1_3R04C01.txt	0.0088	0.0000	0.0958	0.5008	0.5000	0.0249	0.000023	-0.0064	21
Sample282.1_27R08C01.txt	-0.0284	0.0000	0.1417	0.5067	0.5000	0.0388	0.000120	0.0091	39
Sample232.1_28R05C01.txt	0.0028	0.0000	0.0713	0.5015	0.5000	0.0240	0.000020	-0.0049	24
Sample252.1_33R05C01.txt	0.0033	0.0000	0.0815	0.5008	0.5000	0.0246	0.000019	-0.0068	33
Samplec18.1_58R05C01.txt	-0.0036	0.0000	0.1031	0.5006	0.5000	0.0275	0.000095	0.0092	23
Sample111.1_14R07C01.txt	-0.0031	0.0000	0.0944	0.5011	0.5000	0.0287	0.000099	0.0053	26
Sample243.1_20R08C01.txt	-0.0071	0.0000	0.1057	0.5022	0.5000	0.0305	0.000045	0.0061	31
Sample218.1_20R06C01.txt	0.0006	0.0000	0.0751	0.5007	0.5000	0.0240	0.000023	0.0038	15
Samplec43.1_58R07C01.txt	0.0032	0.0000	0.0915	0.5001	0.5000	0.0258	0.000063	0.0041	29
Samplec124.1_8R05C01.txt	0.0101	0.0000	0.0993	0.5015	0.5000	0.0265	0.000040	0.0055	17
Sample375.1_69R05C01.txt	-0.0084	0.0000	0.0949	0.5008	0.5000	0.0298	0.000037	0.0050	24
Sample705.1_19R06C01.txt	-0.0097	0.0000	0.0990	0.5002	0.5000	0.0270	0.000048	0.0083	33
Sample402.1_74R03C01.txt	-0.0143	0.0000	0.1090	0.5013	0.5000	0.0330	0.000041	0.0070	21
Sample399.1_69R06C01.txt	-0.0086	0.0000	0.0943	0.5003	0.5000	0.0293	0.000040	0.0054	21
Sample275.1_33R04C01.txt	0.0043	0.0000	0.0849	0.5009	0.5000	0.0252	0.000023	0.0090	43
Samplec27.1_78R06C01.txt	-0.0012	0.0000	0.0871	0.5000	0.5000	0.0268	0.000025	0.0050	18
Sample88.1_6R05C01.txt	-0.0100	0.0000	0.1139	0.5030	0.5000	0.0326	0.000067	0.0051	21
Samplec115.1_12R07C01.txt	0.0035	0.0000	0.0742	0.5007	0.5000	0.0230	0.000031	-0.0063	24
Sample95.1_10R02C01.txt	-0.0014	0.0000	0.0788	0.5029	0.5000	0.0293	0.000033	0.0045	35
Sample563.1_25R03C01.txt	0.0008	0.0000	0.0777	0.5017	0.5000	0.0255	0.000028	-0.0063	30
SampleY-34.1_17R06C01.txt	-0.0071	0.0000	0.0987	0.5006	0.5000	0.0273	0.000075	0.0075	35
SampleY-32.1_6R06C01.txt	0.0113	0.0000	0.1074	0.5010	0.5000	0.0271	0.000023	-0.0084	33
Sample500.1_73R06C01.txt	0.0001	0.0000	0.0876	0.5000	0.5000	0.0265	0.000031	-0.0050	28
Sample217.1_18R08C01.txt	0.0080	0.0000	0.0911	0.4999	0.5000	0.0248	0.000037	-0.0046	17
SampleY-57.1_28R05C01.txt	0.0029	0.0000	0.0790	0.4997	0.5000	0.0231	0.000034	-0.0050	20
Sample240.1_68R06C01.txt	-0.0009	0.0000	0.0820	0.5006	0.5000	0.0266	0.000037	0.0042	25
Sample274.1_33R01C01.txt	-0.0293	0.0000	0.1598	0.5079	0.5000	0.0489	0.000162	0.0067	44
Samplec108.1_20R03C01.txt	-0.0061	0.0000	0.0825	0.5003	0.5000	0.0268	0.000025	0.0052	21
Sample316.1_74R05C01.txt	-0.0087	0.0000	0.0948	0.5004	0.5000	0.0293	0.000043	0.0049	19
Sample143.1_5R06C01.txt	-0.0000	0.0000	0.0932	0.5023	0.5000	0.0281	0.000028	0.0081	27
Sample284.1_25R04C01.txt	0.0026	0.0000	0.0754	0.5011	0.5000	0.0241	0.000020	-0.0055	22
Sample106.1_63R01C01.txt	-0.0103	0.0000	0.1110	0.5038	0.5000	0.0344	0.000065	-0.0057	29
Samplec71.1_61R02C01.txt	-0.0041	0.0000	0.0828	0.5009	0.5000	0.0276	0.000033	0.0044	24
Sample494.1_45R04C01.txt	-0.0084	0.0000	0.0907	0.5016	0.5000	0.0261	0.000022	0.0043	25
Sample376.1_17R06C01.txt	-0.0059	0.0000	0.0809	0.5035	0.5000	0.0289	0.000029	0.0054	23
Samplec104.1_24R07C01.txt	0.0078	0.0000	0.1051	0.4999	0.5000	0.0266	0.000040	-0.0048	29
Sample717.1_5R08C01.txt	0.0066	0.0000	0.0944	0.4998	0.5000	0.0265	0.000117	-0.0055	24
Sample355.1_34R07C01.txt	0.0065	0.0000	0.0955	0.4999	0.5000	0.0250	0.000039	-0.0050	21
Sample591.1_42R06C01.txt	0.0023	0.0000	0.0843	0.5006	0.5000	0.0251	0.000020	-0.0049	22
Sample172.1_62R08C01.txt	0.0089	0.0000	0.0909	0.4999	0.5000	0.0239	0.000023	-0.0049	27
Sample599.1_76R01C01.txt	-0.0069	0.0000	0.0900	0.5031	0.5000	0.0320	0.000040	-0.0051	31
Sample532.1_39R01C01.txt	-0.0188	0.0000	0.1209	0.5038	0.5000	0.0327	0.000065	0.0077	20
Sample420.1_79R04C01.txt	-0.0032	0.0000	0.0849	0.5007	0.5000	0.0274	0.000021	0.0046	22
Sample571.1_38R03C01.txt	-0.0103	0.0000	0.1075	0.5020	0.5000	0.0291	0.000076	0.0057	24
Sample392.1_35R02C01.txt	-0.0154	0.0000	0.1213	0.5052	0.5000	0.0387	0.000059	0.0085	37
Sample691.1_19R03C01.txt	-0.0086	0.0000	0.0924	0.5004	0.5000	0.0280	0.000031	0.0061	24
Sample501.1_75R01C01.txt	-0.0163	0.0000	0.1193	0.5038	0.5000	0.0383	0.000062	0.0063	22
Sample367.1_34R08C01.txt	-0.0046	0.0000	0.1147	0.5022	0.5000	0.0315	0.000115	0.0073	17
Sample193.1_62R02C01.txt	0.0029	0.0000	0.0860	0.5021	0.5000	0.0260	0.000028	-0.0079	29
Sample38.1_71R08C01.txt	-0.0044	0.0000	0.0918	0.4989	0.5000	0.0284	0.000041	-0.0055	29
Sample502.1_75R04C01.txt	-0.0049	0.0000	0.0830	0.5013	0.5000	0.0287	0.000034	-0.0042	24
Sample508.1_40R08C01.txt	0.0037	0.0000	0.0868	0.5003	0.5000	0.0259	0.000013	-0.0044	29
Sample28.1_10R03C01.txt	-0.0020	0.0000	0.0846	0.5028	0.5000	0.0292	0.000029	0.0046	20
Sample224.1_25R07C01.txt	0.0038	0.0000	0.0814	0.5011	0.5000	0.0233	0.000021	-0.0043	18
Sample753.1_5R06C01.txt	0.0045	0.0000	0.0873	0.5005	0.5000	0.0250	0.000068	0.0051	17
Sample405.1_34R05C01.txt	0.0065	0.0000	0.0866	0.5014	0.5000	0.0245	0.000042	0.0046	18
SampleY-17.1_17R05C01.txt	-0.0072	0.0000	0.0993	0.5008	0.5000	0.0298	0.000099	-0.0075	24
Sample98.1_4R06C01.txt	-0.0015	0.0000	0.0918	0.5014	0.5000	0.0244	0.000014	0.0049	16
Sample597.1_46R03C01.txt	-0.0097	0.0000	0.0967	0.5020	0.5000	0.0293	0.000042	0.0048	24
Sample254.1_20R02C01.txt	-0.0015	0.0000	0.0733	0.5021	0.5000	0.0268	0.000038	0.0043	20
Samplec67.1_65R01C01.txt	0.0017	0.0000	0.0892	0.5010	0.5000	0.0275	0.000040	-0.0052	26
Sample57.1_8R03C01.txt	-0.0022	0.0000	0.0860	0.5041	0.5000	0.0313	0.000040	0.0051	15
CEP_C2.2_23R02C01.txt	-0.0281	0.0000	0.1526	0.5069	0.5000	0.0446	0.000124	0.0131	59
Sample438.1_73R08C01.txt	-0.0143	0.0000	0.1247	0.5016	0.5000	0.0310	0.000065	0.0101	31
Samplec131.1_18R08C01.txt	-0.0111	0.0000	0.1444	0.5020	0.5000	0.0368	0.000132	0.0104	42
Sample339.1_80R02C01.txt	-0.0059	0.0000	0.0911	0.5024	0.5000	0.0301	0.000033	-0.0046	18
Sample295.1_30R01C01.txt	-0.0266	0.0000	0.1491	0.5083	0.5000	0.0470	0.000195	0.0077	29
Sample169.1_62R01C01.txt	-0.0023	0.0000	0.0879	0.5025	0.5000	0.0287	0.000033	0.0059	19
Sample181.1_15R04C01.txt	0.0006	0.0000	0.0802	0.5020	0.5000	0.0268	0.000028	0.0051	18
Sample215.1_68R04C01.txt	-0.0027	0.0000	0.0810	0.5012	0.5000	0.0284	0.000038	0.0040	25
Samplec40.1_59R08C01.txt	0.0010	0.0000	0.0919	0.5001	0.5000	0.0278	0.000041	0.0050	35
Sample23.1_7R07C01.txt	0.0000	0.0000	0.0928	0.5012	0.5000	0.0242	0.000040	0.0056	26
Sample277.1_66R02C01.txt	-0.0074	0.0000	0.0896	0.5003	0.5000	0.0287	0.000041	0.0056	27
Sample744.1_24R02C01.txt	-0.0004	0.0000	0.0874	0.5016	0.5000	0.0267	0.000045	0.0065	21
SampleY-67.1_6R04C01.txt	0.0064	0.0000	0.0855	0.5018	0.5000	0.0262	0.000036	0.0045	17
Sample305.1_16R05C01.txt	-0.0015	0.0000	0.0766	0.5022	0.5000	0.0269	0.000029	-0.0039	16
Samplec123.1_8R04C01.txt	0.0080	0.0000	0.0938	0.5020	0.5000	0.0271	0.000000	-0.0048	13
Sample659.1_13R03C01.txt	0.0059	0.0000	0.0875	0.5009	0.5000	0.0259	0.000021	-0.0040	21
Sample313.1_24R02C01.txt	0.0011	0.0000	0.0773	0.5026	0.5000	0.0267	0.000033	0.0048	25
Sample453.1_54R07C01.txt	0.0036	0.0000	0.0803	0.5000	0.5000	0.0252	0.000032	0.0036	27
Sample296.1_30R07C01.txt	0.0020	0.0000	0.0843	0.5008	0.5000	0.0242	0.000042	-0.0058	14
Sample94.1_12R08C01.txt	-0.0166	0.0000	0.1187	0.5026	0.5000	0.0297	0.000052	0.0083	34
Sample245.1_27R03C01.txt	0.0008	0.0000	0.0717	0.5012	0.5000	0.0246	0.000023	-0.0053	20
SampleY-64.1_21R05C01.txt	0.0147	0.0000	0.1194	0.4992	0.5000	0.0266	0.000048	-0.0074	19
Sample536.1_46R06C01.txt	-0.0049	0.0000	0.0814	0.5010	0.5000	0.0265	0.000033	0.0049	24
Sample580.1_43R05C01.txt	0.0002	0.0000	0.0791	0.5006	0.5000	0.0245	0.000031	0.0047	29
SampleY-61.1_23R08C01.txt	0.0063	0.0000	0.1212	0.4998	0.5000	0.0309	0.000025	-0.0059	22
Sample742.1_2R04C01.txt	0.0104	0.0000	0.0938	0.5013	0.5000	0.0258	0.000020	-0.0052	20
Samplec12.1_51R07C01.txt	-0.0052	0.0000	0.0813	0.5006	0.5000	0.0250	0.000031	-0.0042	26
Sample423.1_28R04C01.txt	0.0003	0.0000	0.0796	0.5002	0.5000	0.0239	0.000032	-0.0071	20
Sample237.1_25R08C01.txt	-0.0058	0.0000	0.1021	0.5043	0.5000	0.0310	0.000040	0.0044	23
Sample14.1_2R04C01.txt	-0.0044	0.0000	0.0975	0.5028	0.5000	0.0290	0.000042	0.0067	22
Sample206.1_72R01C01.txt	-0.0061	0.0000	0.0945	0.5025	0.5000	0.0320	0.000046	0.0061	37
Sample117.1_29R08C01.txt	-0.0092	0.0000	0.1009	0.5028	0.5000	0.0293	0.000061	0.0052	15
Sample92.1_1R04C01.txt	-0.0057	0.0000	0.0902	0.5027	0.5000	0.0289	0.000027	0.0054	21
Sample327.1_24R03C01.txt	0.0017	0.0000	0.0759	0.5025	0.5000	0.0255	0.000021	-0.0055	18
Sample170.1_15R08C01.txt	-0.0144	0.0000	0.1081	0.5032	0.5000	0.0302	0.000054	0.0069	26
Samplec117.1_8R01C01.txt	0.0032	0.0000	0.0858	0.5024	0.5000	0.0265	0.000035	-0.0063	15
Sample107.1_13R03C01.txt	-0.0021	0.0000	0.0903	0.5030	0.5000	0.0297	0.000047	-0.0047	23
Sample504.1_77R02C01.txt	-0.0070	0.0000	0.0923	0.5018	0.5000	0.0300	0.000033	0.0044	29
Sample477.1_75R03C01.txt	-0.0047	0.0000	0.0895	0.5016	0.5000	0.0306	0.000033	-0.0042	24
Sample555.1_76R06C01.txt	0.0042	0.0000	0.0782	0.5004	0.5000	0.0240	0.000014	-0.0054	21
Sample78.1_5R02C01.txt	-0.0133	0.0000	0.1072	0.5045	0.5000	0.0345	0.000050	0.0058	31
Sample205.1_70R07C01.txt	-0.0042	0.0000	0.0819	0.5000	0.5000	0.0261	0.000022	0.0048	22
Sample276.1_68R08C01.txt	0.0010	0.0000	0.0845	0.4999	0.5000	0.0264	0.000033	0.0047	19
Sample147.1_14R04C01.txt	0.0027	0.0000	0.0789	0.5009	0.5000	0.0243	0.000006	-0.0052	23
Sample657.1_27R06C01.txt	-0.0007	0.0000	0.0944	0.4997	0.5000	0.0273	0.000040	0.0044	26
Sample435.1_73R04C01.txt	-0.0043	0.0000	0.0903	0.4998	0.5000	0.0276	0.000052	0.0056	23
Samplec35.1_61R04C01.txt	-0.0040	0.0000	0.0843	0.5003	0.5000	0.0258	0.000025	0.0043	28
Sample391.1_34R04C01.txt	-0.0076	0.0000	0.1001	0.5044	0.5000	0.0324	0.000059	0.0054	27
Samplec82.1_16R05C01.txt	0.0005	0.0000	0.1062	0.5000	0.5000	0.0261	0.000027	-0.0150	34
Sample683.1_13R06C01.txt	0.0102	0.0000	0.1145	0.4994	0.5000	0.0281	0.000025	-0.0107	21
Sample443.1_77R06C01.txt	-0.0039	0.0000	0.0774	0.5003	0.5000	0.0255	0.000041	0.0056	20
Sample222.1_81R04C01.txt	-0.0040	0.0000	0.0768	0.5019	0.5000	0.0267	0.000035	0.0052	16
Sample195.1_62R07C01.txt	0.0036	0.0000	0.0764	0.5002	0.5000	0.0230	0.000025	-0.0039	30
Sample58.1_3R03C01.txt	-0.0032	0.0000	0.0946	0.5035	0.5000	0.0311	0.000040	0.0057	35
Sample150.1_70R01C01.txt	-0.0143	0.0000	0.1143	0.5037	0.5000	0.0348	0.000033	0.0054	14
Sample549.1_28R07C01.txt	0.0020	0.0000	0.0828	0.4994	0.5000	0.0240	0.000020	-0.0080	29
Sample99.1_8R06C01.txt	0.0009	0.0000	0.0850	0.5030	0.5000	0.0279	0.000019	0.0046	26
Sample723.1_26R04C01.txt	-0.0148	0.0000	0.1199	0.5036	0.5000	0.0348	0.000059	0.0067	22
Sample704.1_13R08C01.txt	0.0183	0.0000	0.1186	0.4983	0.5000	0.0289	0.000022	-0.0048	28
Sample278.1_20R04C01.txt	0.0018	0.0000	0.0794	0.5012	0.5000	0.0247	0.000039	-0.0062	32
Sample122.1_15R05C01.txt	0.0030	0.0000	0.0876	0.5017	0.5000	0.0263	0.000034	-0.0070	26
Sample40.1_2R06C01.txt	-0.0017	0.0000	0.0896	0.5011	0.5000	0.0259	0.000034	0.0060	20
Sample712.1_26R08C01.txt	0.0059	0.0000	0.1181	0.4994	0.5000	0.0297	0.000032	-0.0049	21
Sample382.1_36R06C01.txt	0.0019	0.0000	0.0740	0.5010	0.5000	0.0242	0.000000	-0.0037	28
SampleY-54.1_1R08C01.txt	0.0027	0.0000	0.1111	0.5012	0.5000	0.0321	0.000141	-0.0050	16
Sample86.1_3R05C01.txt	-0.0007	0.0000	0.0855	0.5025	0.5000	0.0280	0.000035	-0.0056	25
Sample118.1_21R08C01.txt	-0.0405	0.0000	0.1676	0.5046	0.5000	0.0368	0.000141	0.0134	61
Sample421.1_48R06C01.txt	-0.0046	0.0000	0.0764	0.5010	0.5000	0.0253	0.000032	0.0038	20
Sample351.1_17R04C01.txt	0.0007	0.0000	0.0714	0.5017	0.5000	0.0303	0.000036	0.0034	45
Sample350.1_19R08C01.txt	-0.0092	0.0000	0.1061	0.5033	0.5000	0.0313	0.000155	0.0085	17
Sample248.1_81R05C01.txt	-0.0013	0.0000	0.0750	0.5011	0.5000	0.0252	0.000035	0.0043	20
Sample341.1_74R04C01.txt	-0.0085	0.0000	0.1025	0.5004	0.5000	0.0321	0.000063	-0.0060	24
Sample197.1_23R04C01.txt	0.0020	0.0000	0.0722	0.5016	0.5000	0.0251	0.000018	-0.0048	19
Sample507.1_40R01C01.txt	-0.0027	0.0000	0.0795	0.5022	0.5000	0.0278	0.000024	-0.0038	20
Sample29.1_11R03C01.txt	-0.0022	0.0000	0.0812	0.5021	0.5000	0.0273	0.000041	0.0045	17
Samplec99.1_5R07C01.txt	0.0046	0.0000	0.0888	0.5001	0.5000	0.0256	0.000071	0.0044	21
Samplec107.1_20R02C01.txt	-0.0085	0.0000	0.0930	0.5013	0.5000	0.0298	0.000031	0.0049	26
Sample272.1_81R06C01.txt	-0.0017	0.0000	0.0773	0.5006	0.5000	0.0252	0.000031	0.0049	25
SampleY-42.1_1R07C01.txt	0.0127	0.0000	0.1045	0.4997	0.5000	0.0266	0.000079	-0.0067	19
Sample726.1_10R03C01.txt	0.0077	0.0000	0.0958	0.5016	0.5000	0.0260	0.000056	0.0059	10
Samplec15.1_60R03C01.txt	0.0010	0.0000	0.0881	0.5006	0.5000	0.0265	0.000091	-0.0043	24
Sample530.1_43R01C01.txt	-0.0076	0.0000	0.0840	0.5019	0.5000	0.0280	0.000037	0.0044	23
Sample174.1_23R08C01.txt	-0.0139	0.0000	0.1148	0.5038	0.5000	0.0333	0.000081	0.0064	26
Sample291.1_20R05C01.txt	-0.0006	0.0000	0.0728	0.5010	0.5000	0.0244	0.000021	0.0036	22
Sample31.1_8R01C01.txt	-0.0089	0.0000	0.0938	0.5058	0.5000	0.0377	0.000072	0.0046	25
Sample320.1_16R06C01.txt	-0.0027	0.0000	0.0771	0.5018	0.5000	0.0262	0.000031	-0.0037	16
Sample251.1_33R02C01.txt	0.0010	0.0000	0.0864	0.5020	0.5000	0.0283	0.000041	0.0065	30
Sample90.1_7R04C01.txt	-0.0036	0.0000	0.0877	0.5022	0.5000	0.0253	0.000036	0.0047	21
Samplec45.1_64R01C01.txt	-0.0044	0.0000	0.0909	0.5022	0.5000	0.0310	0.000041	0.0044	25
Sample110.1_62R05C01.txt	0.0064	0.0000	0.0805	0.5006	0.5000	0.0228	0.000021	-0.0068	19
Sample406.1_35R03C01.txt	-0.0057	0.0000	0.0846	0.5025	0.5000	0.0291	0.000034	0.0051	21
Sample393.1_36R01C01.txt	-0.0392	0.0000	0.1861	0.5101	0.5000	0.0515	0.000271	0.0111	65
Sample155.1_5R07C01.txt	-0.0033	0.0000	0.0852	0.5018	0.5000	0.0271	0.000039	0.0053	21
SampleY-68.1_27R01C01.txt	-0.0347	0.0000	0.1738	0.5080	0.5000	0.0511	0.000259	0.0098	37
Sample540.1_44R04C01.txt	-0.0050	0.0000	0.0775	0.5020	0.5000	0.0265	0.000040	0.0037	20
Sample529.1_76R05C01.txt	0.0009	0.0000	0.0695	0.5007	0.5000	0.0245	0.000021	-0.0035	19
Sample596.1_51R01C01.txt	-0.0200	0.0000	0.1221	0.5032	0.5000	0.0349	0.000060	0.0061	30
Sample417.1_77R05C01.txt	-0.0030	0.0000	0.0768	0.5005	0.5000	0.0258	0.000046	-0.0051	24
Sample130.1_18R01C01.txt	-0.0196	0.0000	0.1356	0.5048	0.5000	0.0414	0.000123	0.0062	22
Samplec54.1_58R03C01.txt	-0.0017	0.0000	0.0910	0.5014	0.5000	0.0273	0.000089	0.0047	26
SampleY-29.1_15R05C01.txt	0.0098	0.0000	0.1103	0.4996	0.5000	0.0276	0.000071	-0.0053	27
Sample496.1_40R07C01.txt	0.0023	0.0000	0.0803	0.5006	0.5000	0.0242	0.000033	-0.0042	18
Sample467.1_49R05C01.txt	-0.0011	0.0000	0.0803	0.5006	0.5000	0.0250	0.000032	-0.0038	30
CEP_C13.3_64R02C01.txt	-0.0053	0.0000	0.0893	0.5017	0.5000	0.0292	0.000041	0.0116	17
Sample713.1_25R03C01.txt	0.0002	0.0000	0.0911	0.5011	0.5000	0.0286	0.000090	-0.0043	17
Sample445.1_79R03C01.txt	-0.0022	0.0000	0.0788	0.5011	0.5000	0.0269	0.000059	0.0051	10
Sample389.1_80R05C01.txt	0.0008	0.0000	0.0794	0.5005	0.5000	0.0250	0.000034	-0.0047	23
Sample357.1_36R04C01.txt	-0.0005	0.0000	0.0756	0.5016	0.5000	0.0262	0.000033	-0.0045	18
Sample246.1_72R08C01.txt	0.0044	0.0000	0.1024	0.5000	0.5000	0.0267	0.000037	0.0059	22
Samplec80.1_5R02C01.txt	0.0033	0.0000	0.0924	0.5015	0.5000	0.0258	0.000057	-0.0057	18
Sample261.1_32R02C01.txt	0.0001	0.0000	0.0832	0.5020	0.5000	0.0280	0.000022	0.0045	27
Samplec29.1_58R01C01.txt	-0.0033	0.0000	0.0914	0.5016	0.5000	0.0287	0.000067	0.0049	24
SampleY-58.1_3R08C01.txt	0.0042	0.0000	0.1164	0.5018	0.5000	0.0315	0.000080	0.0053	13
Sample3.1_71R03C01.txt	-0.0121	0.0000	0.1113	0.5019	0.5000	0.0329	0.000046	-0.0051	29
Sample194.1_14R02C01.txt	0.0015	0.0000	0.0832	0.5024	0.5000	0.0269	0.000039	-0.0058	19
Sample710.1_29R06C01.txt	0.0009	0.0000	0.0773	0.4999	0.5000	0.0237	0.000036	-0.0047	22
Samplec65.1_60R07C01.txt	-0.0028	0.0000	0.1032	0.4991	0.5000	0.0305	0.000131	0.0066	23
Sample75.1_9R04C01.txt	0.0014	0.0000	0.0759	0.5025	0.5000	0.0256	0.000034	0.0049	24
Sample479.1_77R01C01.txt	-0.0129	0.0000	0.1098	0.5028	0.5000	0.0337	0.000041	-0.0057	19
Sample221.1_81R02C01.txt	-0.0063	0.0000	0.0829	0.5022	0.5000	0.0294	0.000041	0.0056	32
Sample259.1_30R04C01.txt	0.0022	0.0000	0.0900	0.5016	0.5000	0.0255	0.000040	-0.0094	41
Sample292.1_70R08C01.txt	-0.0024	0.0000	0.0912	0.4999	0.5000	0.0262	0.000063	0.0065	36
SampleY-55.1_6R03C01.txt	0.0050	0.0000	0.0819	0.5021	0.5000	0.0257	0.000040	-0.0056	14
CEP_C14.4_74R02C01.txt	-0.0156	0.0000	0.1098	0.5020	0.5000	0.0330	0.000041	0.0096	23
Sample514.1_57R03C01.txt	0.0017	0.0000	0.0734	0.5019	0.5000	0.0247	0.000033	-0.0054	20
Samplec4.1_29R05C01.txt	-0.0015	0.0000	0.0818	0.5003	0.5000	0.0241	0.000018	-0.0070	16
Samplec81.1_16R02C01.txt	0.0013	0.0000	0.1095	0.5006	0.5000	0.0274	0.000032	-0.0175	55
Sample265.1_16R03C01.txt	-0.0064	0.0000	0.0923	0.5038	0.5000	0.0310	0.000042	0.0056	25
Sample234.1_27R06C01.txt	0.0006	0.0000	0.0701	0.5007	0.5000	0.0237	0.000031	-0.0045	16
Sample190.1_18R05C01.txt	0.0081	0.0000	0.0836	0.5007	0.5000	0.0225	0.000033	-0.0068	29
Sample752.1_5R01C01.txt	-0.0006	0.0000	0.1012	0.5018	0.5000	0.0286	0.000062	0.0079	25
Sample570.1_39R04C01.txt	-0.0142	0.0000	0.1141	0.5018	0.5000	0.0290	0.000073	0.0076	41
Sample2.1_2R01C01.txt	-0.0225	0.0000	0.1428	0.5060	0.5000	0.0400	0.000105	0.0076	13
Sample548.1_47R08C01.txt	-0.0221	0.0000	0.1161	0.5046	0.5000	0.0330	0.000081	0.0070	29
Sample203.1_18R06C01.txt	0.0063	0.0000	0.0819	0.5006	0.5000	0.0228	0.000023	-0.0048	16
Samplec59.1_61R06C01.txt	-0.0048	0.0000	0.0902	0.5000	0.5000	0.0260	0.000040	-0.0050	28
Sample214.1_67R08C01.txt	0.0028	0.0000	0.1037	0.4995	0.5000	0.0284	0.000061	0.0063	22
Sample444.1_79R02C01.txt	-0.0039	0.0000	0.0798	0.5020	0.5000	0.0290	0.000029	0.0047	27
Sample310.1_19R07C01.txt	0.0014	0.0000	0.0818	0.5003	0.5000	0.0252	0.000036	0.0056	20
Sample335.1_66R06C01.txt	-0.0054	0.0000	0.0972	0.4994	0.5000	0.0290	0.000050	0.0059	16
Sample611.1_4R05C01.txt	0.0029	0.0000	0.0834	0.5004	0.5000	0.0239	0.000038	-0.0067	26
Sample360.1_31R06C01.txt	-0.0128	0.0000	0.0889	0.5037	0.5000	0.0298	0.000045	0.0046	28
Sample244.1_28R06C01.txt	0.0029	0.0000	0.0731	0.5015	0.5000	0.0249	0.000031	-0.0035	17
Samplec113.1_20R08C01.txt	-0.0054	0.0000	0.0930	0.5001	0.5000	0.0289	0.000031	-0.0052	30
Sample369.1_36R05C01.txt	-0.0003	0.0000	0.0737	0.5015	0.5000	0.0257	0.000025	-0.0036	25
Samplec95.1_12R06C01.txt	0.0005	0.0000	0.0711	0.5016	0.5000	0.0246	0.000022	-0.0042	16
SampleY-31.1_17R03C01.txt	-0.0066	0.0000	0.0916	0.5013	0.5000	0.0279	0.000037	0.0055	24
Sample173.1_23R02C01.txt	0.0034	0.0000	0.0811	0.5028	0.5000	0.0274	0.000021	-0.0066	29
Sample718.1_2R02C01.txt	0.0068	0.0000	0.0923	0.5019	0.5000	0.0263	0.000020	-0.0056	12
Sample714.1_10R02C01.txt	0.0052	0.0000	0.0869	0.5015	0.5000	0.0252	0.000048	-0.0058	30
Sample146.1_15R06C01.txt	-0.0015	0.0000	0.0762	0.5013	0.5000	0.0261	0.000028	0.0044	24
Samplec57.1_64R04C01.txt	-0.0044	0.0000	0.0884	0.5009	0.5000	0.0272	0.000025	-0.0044	25
Sample482.1_45R03C01.txt	-0.0075	0.0000	0.0928	0.5020	0.5000	0.0268	0.000041	0.0054	21
Samplec64.1_60R02C01.txt	-0.0055	0.0000	0.0930	0.5008	0.5000	0.0284	0.000120	0.0059	27
Sample396.1_66R05C01.txt	-0.0056	0.0000	0.0967	0.4994	0.5000	0.0282	0.000040	-0.0061	24
Sample328.1_13R02C01.txt	0.0052	0.0000	0.0818	0.5013	0.5000	0.0251	0.000020	-0.0061	16
Sample366.1_34R02C01.txt	-0.0263	0.0000	0.1521	0.5087	0.5000	0.0479	0.000259	0.0112	45
Sample577.1_44R07C01.txt	-0.0048	0.0000	0.0731	0.5010	0.5000	0.0251	0.000026	0.0050	27
Samplec19.1_65R02C01.txt	0.0014	0.0000	0.0850	0.5007	0.5000	0.0265	0.000031	-0.0045	24
Sample533.1_39R08C01.txt	-0.0092	0.0000	0.0944	0.5007	0.5000	0.0263	0.000058	0.0069	27
Sample575.1_57R01C01.txt	-0.0018	0.0000	0.0833	0.5027	0.5000	0.0279	0.000040	-0.0055	30
Sample542.1_42R03C01.txt	-0.0009	0.0000	0.0699	0.5021	0.5000	0.0255	0.000033	0.0045	26
Sample407.1_36R02C01.txt	-0.0062	0.0000	0.0907	0.5035	0.5000	0.0311	0.000025	0.0044	22
Sample191.1_13R02C01.txt	-0.0074	0.0000	0.0983	0.5050	0.5000	0.0347	0.000067	0.0047	21
Samplec49.1_51R05C01.txt	-0.0130	0.0000	0.1116	0.5009	0.5000	0.0283	0.000053	0.0086	33
Sample473.1_47R02C01.txt	-0.0104	0.0000	0.0926	0.5029	0.5000	0.0298	0.000037	0.0059	25
Samplec105.1_26R03C01.txt	-0.0283	0.0000	0.1563	0.5053	0.5000	0.0436	0.000120	0.0116	52
SampleY-6.1_6R01C01.txt	-0.0004	0.0000	0.0821	0.5022	0.5000	0.0268	0.000033	-0.0049	24
Samplec122.1_8R03C01.txt	0.0037	0.0000	0.0928	0.5019	0.5000	0.0274	0.000027	-0.0046	24
Sample34.1_6R01C01.txt	-0.0325	0.0000	0.2038	0.5068	0.5000	0.0474	0.000397	0.0077	19
SampleY-28.1_15R04C01.txt	0.0083	0.0000	0.1041	0.4999	0.5000	0.0272	0.000037	-0.0047	25
Sample363.1_17R05C01.txt	0.0012	0.0000	0.0711	0.5022	0.5000	0.0254	0.000020	0.0039	10
Samplec98.1_27R08C01.txt	-0.0067	0.0000	0.1041	0.5008	0.5000	0.0294	0.000040	0.0060	22
Sample418.1_77R08C01.txt	-0.0034	0.0000	0.0799	0.5001	0.5000	0.0251	0.000035	-0.0046	17
Sample558.1_39R03C01.txt	-0.0139	0.0000	0.1136	0.5024	0.5000	0.0295	0.000067	0.0067	28
Sample209.1_30R02C01.txt	-0.0019	0.0000	0.0865	0.5029	0.5000	0.0290	0.000036	0.0053	26
Samplec63.1_59R06C01.txt	-0.0043	0.0000	0.0894	0.5005	0.5000	0.0268	0.000069	0.0051	25
Samplec39.1_59R05C01.txt	-0.0035	0.0000	0.0883	0.5007	0.5000	0.0268	0.000045	0.0057	35
Sample105.1_5R04C01.txt	-0.0020	0.0000	0.1028	0.5032	0.5000	0.0308	0.000032	-0.0083	31
SampleY-19.1_15R01C01.txt	-0.0114	0.0000	0.1131	0.5038	0.5000	0.0341	0.000066	0.0068	22
Samplec72.1_65R06C01.txt	0.0043	0.0000	0.0878	0.4993	0.5000	0.0251	0.000036	-0.0046	24
Samplec62.1_78R04C01.txt	-0.0040	0.0000	0.0871	0.5004	0.5000	0.0278	0.000023	0.0048	23
Sample641.1_1R03C01.txt	0.0072	0.0000	0.0872	0.5011	0.5000	0.0243	0.000032	-0.0059	15
Sample633.1_14R04C01.txt	0.0082	0.0000	0.1022	0.5003	0.5000	0.0243	0.000056	-0.0096	21
Sample133.1_15R01C01.txt	-0.0179	0.0000	0.1301	0.5056	0.5000	0.0390	0.000068	0.0066	25
Sample653.1_4R06C01.txt	0.0005	0.0000	0.0796	0.5004	0.5000	0.0247	0.000031	0.0045	24
Sample349.1_19R03C01.txt	-0.0001	0.0000	0.0729	0.5027	0.5000	0.0274	0.000033	-0.0058	25
Sample315.1_21R06C01.txt	0.0142	0.0000	0.1214	0.4992	0.5000	0.0275	0.000055	-0.0097	19
Sample183.1_14R06C01.txt	0.0069	0.0000	0.0871	0.5003	0.5000	0.0240	0.000026	-0.0059	19
Samplec125.1_18R04C01.txt	0.0068	0.0000	0.0948	0.5003	0.5000	0.0258	0.000026	0.0043	22
Sample104.1_1R05C01.txt	-0.0039	0.0000	0.0895	0.5020	0.5000	0.0276	0.000036	-0.0062	34
Sample235.1_30R03C01.txt	-0.0002	0.0000	0.0812	0.5022	0.5000	0.0271	0.000020	-0.0046	19
Sample145.1_63R07C01.txt	-0.0008	0.0000	0.0791	0.5005	0.5000	0.0257	0.000032	-0.0051	14
SampleY-48.1_27R04C01.txt	-0.0024	0.0000	0.0944	0.4997	0.5000	0.0273	0.000050	0.0052	18
Sample384.1_66R04C01.txt	-0.0089	0.0000	0.0969	0.4994	0.5000	0.0282	0.000054	0.0068	20
Sample440.1_55R08C01.txt	0.0033	0.0000	0.0953	0.4997	0.5000	0.0277	0.000013	0.0063	17
Sample663.1_3R06C01.txt	0.0117	0.0000	0.1060	0.5007	0.5000	0.0268	0.000051	0.0056	20
Sample49.1_7R01C01.txt	-0.0047	0.0000	0.0942	0.5043	0.5000	0.0307	0.000033	0.0064	24
Sample231.1_20R07C01.txt	0.0024	0.0000	0.0761	0.5002	0.5000	0.0240	0.000019	-0.0038	19
Sample695.1_25R01C01.txt	-0.0326	0.0000	0.1793	0.5070	0.5000	0.0549	0.000302	0.0131	69
Sample124.1_78R08C01.txt	-0.0049	0.0000	0.0930	0.5011	0.5000	0.0293	0.000021	-0.0055	27
Sample574.1_56R01C01.txt	-0.0027	0.0000	0.0967	0.5011	0.5000	0.0296	0.000065	-0.0061	23
CEP_C15.3_15R02C01.txt	-0.0050	0.0000	0.0874	0.5030	0.5000	0.0308	0.000033	0.0093	19
Samplec2.1_42R01C01.txt	-0.0029	0.0000	0.0773	0.5034	0.5000	0.0298	0.000043	0.0048	26
Sample403.1_80R06C01.txt	0.0019	0.0000	0.0784	0.5003	0.5000	0.0243	0.000028	-0.0045	30
Samplec53.1_60R06C01.txt	-0.0037	0.0000	0.0985	0.4994	0.5000	0.0297	0.000162	0.0057	27
Samplec111.1_20R06C01.txt	-0.0066	0.0000	0.0848	0.4999	0.5000	0.0270	0.000023	0.0055	21
Samplec47.1_61R05C01.txt	-0.0041	0.0000	0.0933	0.5002	0.5000	0.0267	0.000035	0.0050	24
Sample359.1_31R01C01.txt	-0.0184	0.0000	0.1212	0.5067	0.5000	0.0397	0.000100	0.0072	21
Sample18.1_4R08C01.txt	-0.0144	0.0000	0.1188	0.5022	0.5000	0.0285	0.000038	0.0059	28
Sample158.1_15R07C01.txt	0.0000	0.0000	0.0777	0.5007	0.5000	0.0251	0.000018	0.0053	19
SampleY-70.1_4R01C01.txt	-0.0061	0.0000	0.0914	0.5019	0.5000	0.0301	0.000035	0.0050	25
Sample431.1_79R01C01.txt	-0.0066	0.0000	0.0923	0.5021	0.5000	0.0318	0.000061	0.0053	24
Sample289.1_16R04C01.txt	-0.0020	0.0000	0.0843	0.5029	0.5000	0.0286	0.000055	0.0052	21
Sample654.1_23R06C01.txt	0.0100	0.0000	0.1024	0.4998	0.5000	0.0262	0.000020	-0.0046	17
Samplec48.1_71R01C01.txt	-0.0221	0.0000	0.1375	0.5032	0.5000	0.0384	0.000066	0.0080	30
Sample36.1_9R08C01.txt	0.0061	0.0000	0.0911	0.5015	0.5000	0.0241	0.000025	-0.0058	17
Sample725.1_9R05C01.txt	0.0128	0.0000	0.1082	0.5004	0.5000	0.0253	0.000040	-0.0072	18
Sample572.1_38R08C01.txt	-0.0033	0.0000	0.0826	0.5001	0.5000	0.0258	0.000041	0.0041	18
SampleY-63.1_14R08C01.txt	0.0157	0.0000	0.1183	0.4992	0.5000	0.0269	0.000041	-0.0063	20
Sample741.1_16R04C01.txt	0.0033	0.0000	0.0915	0.4995	0.5000	0.0253	0.000015	0.0064	20
Sample545.1_39R02C01.txt	-0.0144	0.0000	0.1140	0.5032	0.5000	0.0307	0.000079	0.0066	31
Sample755.1_2R05C01.txt	0.0132	0.0000	0.1017	0.5009	0.5000	0.0257	0.000026	-0.0062	14
Sample585.1_79R08C01.txt	-0.0201	0.0000	0.1379	0.5039	0.5000	0.0352	0.000113	0.0126	43
Sample488.1_50R05C01.txt	-0.0085	0.0000	0.0940	0.5012	0.5000	0.0275	0.000033	0.0049	21
Samplec94.1_12R03C01.txt	-0.0019	0.0000	0.0764	0.5021	0.5000	0.0270	0.000038	0.0041	25
Sample370.1_52R04C01.txt	-0.0034	0.0000	0.0761	0.5007	0.5000	0.0254	0.000021	-0.0050	25
Samplec101.1_16R07C01.txt	0.0047	0.0000	0.0905	0.4990	0.5000	0.0249	0.000032	0.0041	16
Sample535.1_47R07C01.txt	-0.0058	0.0000	0.0728	0.5018	0.5000	0.0258	0.000016	-0.0038	31
Samplec134.1_30R03C01.txt	0.0008	0.0000	0.0923	0.5027	0.5000	0.0290	0.000032	-0.0052	20
Sample323.1_69R02C01.txt	-0.0098	0.0000	0.1016	0.5025	0.5000	0.0327	0.000037	0.0050	17
Sample82.1_11R07C01.txt	0.0024	0.0000	0.0748	0.5011	0.5000	0.0234	0.000033	0.0052	14
Sample79.1_12R07C01.txt	0.0041	0.0000	0.0770	0.5001	0.5000	0.0233	0.000020	0.0042	16
Sample447.1_48R08C01.txt	-0.0031	0.0000	0.0762	0.5003	0.5000	0.0251	0.000028	-0.0050	24
Sample652.1_4R02C01.txt	-0.0022	0.0000	0.0868	0.5014	0.5000	0.0275	0.000043	0.0053	17
Sample136.1_14R08C01.txt	-0.0179	0.0000	0.1259	0.4997	0.5000	0.0346	0.000352	0.0077	19
Samplec36.1_61R08C01.txt	-0.0016	0.0000	0.0980	0.5001	0.5000	0.0278	0.000033	0.0069	19
Sample449.1_50R02C01.txt	-0.0108	0.0000	0.1078	0.5025	0.5000	0.0323	0.000033	0.0055	24
Sample422.1_52R08C01.txt	-0.0006	0.0000	0.1003	0.5001	0.5000	0.0288	0.000028	-0.0058	19
Sample693.1_19R05C01.txt	-0.0040	0.0000	0.0813	0.5002	0.5000	0.0256	0.000040	-0.0039	19
Sample687.1_19R01C01.txt	-0.0499	0.0000	0.2223	0.5082	0.5000	0.0627	0.000723	0.0134	45
Sample283.1_30R06C01.txt	0.0037	0.0000	0.0840	0.5012	0.5000	0.0245	0.000031	-0.0051	30
Sample708.1_24R03C01.txt	0.0020	0.0000	0.0899	0.5012	0.5000	0.0260	0.000042	0.0061	25
Sample544.1_41R02C01.txt	-0.0191	0.0000	0.1239	0.5033	0.5000	0.0332	0.000091	0.0075	26
Sample534.1_38R06C01.txt	-0.0046	0.0000	0.0913	0.5009	0.5000	0.0263	0.000064	-0.0049	25
Sample368.1_35R07C01.txt	0.0013	0.0000	0.0757	0.5006	0.5000	0.0240	0.000035	0.0038	27
Sample27.1_14R03C01.txt	0.0057	0.0000	0.0977	0.5003	0.5000	0.0247	0.000072	-0.0075	26
Samplec97.1_10R06C01.txt	0.0119	0.0000	0.1070	0.5007	0.5000	0.0273	0.000062	0.0055	14
SampleY-60.1_23R04C01.txt	0.0036	0.0000	0.0931	0.5004	0.5000	0.0251	0.000038	-0.0048	19
Sample333.1_73R02C01.txt	-0.0027	0.0000	0.0825	0.5006	0.5000	0.0276	0.000038	-0.0051	18
Sample39.1_12R04C01.txt	-0.0006	0.0000	0.0742	0.5013	0.5000	0.0235	0.000018	0.0041	9
Sample288.1_33R06C01.txt	0.0011	0.0000	0.0756	0.5008	0.5000	0.0245	0.000026	-0.0054	17
Sample552.1_76R03C01.txt	-0.0020	0.0000	0.0750	0.5015	0.5000	0.0278	0.000015	0.0047	19
Sample512.1_46R04C01.txt	-0.0083	0.0000	0.0914	0.5017	0.5000	0.0283	0.000031	0.0043	21
Sample112.1_22R05C01.txt	0.0033	0.0000	0.0772	0.5018	0.5000	0.0240	0.000028	-0.0068	20
Samplec55.1_58R08C01.txt	0.0019	0.0000	0.1039	0.4998	0.5000	0.0286	0.000076	0.0065	24
CEP_C5.3_44R02C01.txt	-0.0103	0.0000	0.0963	0.5032	0.5000	0.0302	0.000027	-0.0101	25
Sample187.1_26R06C01.txt	0.0015	0.0000	0.0798	0.5012	0.5000	0.0238	0.000022	0.0039	28
Samplec3.1_42R07C01.txt	-0.0006	0.0000	0.0904	0.5003	0.5000	0.0260	0.000025	0.0052	23
Sample509.1_48R05C01.txt	-0.0038	0.0000	0.0744	0.5013	0.5000	0.0253	0.000031	0.0039	25
Sample152.1_29R03C01.txt	0.0020	0.0000	0.0834	0.5019	0.5000	0.0264	0.000036	-0.0063	22
Sample756.1_2R07C01.txt	0.0140	0.0000	0.1077	0.5008	0.5000	0.0277	0.000023	-0.0054	26
Sample186.1_70R02C01.txt	-0.0101	0.0000	0.0938	0.5026	0.5000	0.0304	0.000033	0.0048	17
Samplec130.1_8R07C01.txt	0.0107	0.0000	0.1034	0.5008	0.5000	0.0268	0.000028	0.0060	18
Sample314.1_80R08C01.txt	-0.0201	0.0000	0.1315	0.5018	0.5000	0.0319	0.000072	-0.0073	28
Sample63.1_1R02C01.txt	-0.0110	0.0000	0.0994	0.5041	0.5000	0.0326	0.000042	0.0047	18
Sample211.1_30R08C01.txt	0.0070	0.0000	0.0972	0.5004	0.5000	0.0247	0.000023	-0.0066	24
Samplec103.1_7R04C01.txt	0.0116	0.0000	0.1046	0.5006	0.5000	0.0269	0.000021	-0.0057	14
Sample506.1_77R07C01.txt	-0.0035	0.0000	0.0769	0.5002	0.5000	0.0249	0.000034	0.0055	21
SampleY-18.1_17R07C01.txt	-0.0085	0.0000	0.1055	0.5006	0.5000	0.0269	0.000046	0.0090	54
SampleY-43.1_6R02C01.txt	0.0030	0.0000	0.0842	0.5019	0.5000	0.0262	0.000032	-0.0058	14
Sample47.1_9R02C01.txt	-0.0029	0.0000	0.0814	0.5036	0.5000	0.0300	0.000033	0.0046	28
Sample242.1_20R01C01.txt	-0.0229	0.0000	0.1340	0.5077	0.5000	0.0424	0.000134	0.0069	22
Samplec6.1_7R08C01.txt	0.0209	0.0000	0.1351	0.4993	0.5000	0.0297	0.000041	-0.0092	30
Sample239.1_68R02C01.txt	-0.0004	0.0000	0.0911	0.5025	0.5000	0.0303	0.000031	-0.0057	15
Sample667.1_11R05C01.txt	0.0091	0.0000	0.1015	0.5014	0.5000	0.0263	0.000037	0.0064	16
Sample412.1_73R07C01.txt	-0.0072	0.0000	0.1109	0.4996	0.5000	0.0296	0.000055	0.0065	19
Sample737.1_9R06C01.txt	0.0152	0.0000	0.1113	0.5003	0.5000	0.0256	0.000045	-0.0068	20
Sample740.1_16R01C01.txt	-0.0169	0.0000	0.1261	0.5049	0.5000	0.0403	0.000099	0.0071	23
Samplec34.1_64R07C01.txt	-0.0027	0.0000	0.0903	0.5002	0.5000	0.0261	0.000027	0.0053	23
Sample721.1_24R06C01.txt	0.0081	0.0000	0.1011	0.5000	0.5000	0.0263	0.000046	0.0049	26
Sample701.1_9R04C01.txt	0.0120	0.0000	0.1048	0.5008	0.5000	0.0247	0.000033	-0.0070	24
Sample22.1_9R07C01.txt	0.0046	0.0000	0.0830	0.5016	0.5000	0.0233	0.000028	-0.0065	19
Sample32.1_3R01C01.txt	-0.0132	0.0000	0.1294	0.5053	0.5000	0.0399	0.000079	0.0062	13
Sample547.1_38R07C01.txt	-0.0078	0.0000	0.0887	0.5006	0.5000	0.0261	0.000043	0.0046	22
Sample137.1_22R07C01.txt	0.0042	0.0000	0.0791	0.5006	0.5000	0.0233	0.000018	-0.0068	24
Sample439.1_55R05C01.txt	-0.0020	0.0000	0.0769	0.5005	0.5000	0.0252	0.000006	0.0052	23
Samplec110.1_20R05C01.txt	-0.0043	0.0000	0.0812	0.4999	0.5000	0.0265	0.000037	0.0054	19
Samplec55.1_53R03C01.txt	-0.0052	0.0000	0.0838	0.5005	0.5000	0.0260	0.000021	0.0048	18
Sample138.1_23R06C01.txt	0.0039	0.0000	0.0783	0.5013	0.5000	0.0238	0.000022	-0.0053	23
Samplec10.1_51R02C01.txt	-0.0124	0.0000	0.1005	0.5021	0.5000	0.0300	0.000077	0.0055	16
Sample720.1_29R01C01.txt	-0.0242	0.0000	0.1447	0.5064	0.5000	0.0433	0.000102	0.0093	27
Sample179.1_13R01C01.txt	-0.0497	0.0000	0.2035	0.5128	0.5000	0.0587	0.001646	0.0088	27
Sample696.1_25R05C01.txt	0.0022	0.0000	0.0978	0.5002	0.5000	0.0269	0.000039	0.0050	20
Sample462.1_50R03C01.txt	-0.0099	0.0000	0.0962	0.5018	0.5000	0.0293	0.000049	0.0055	16
Sample346.1_52R02C01.txt	-0.0049	0.0000	0.0780	0.5013	0.5000	0.0259	0.000022	0.0050	27
Samplec42.1_58R02C01.txt	0.0000	0.0000	0.0876	0.5013	0.5000	0.0270	0.000102	-0.0050	19
Sample264.1_68R07C01.txt	-0.0007	0.0000	0.0817	0.5002	0.5000	0.0268	0.000032	-0.0046	20
Sample373.1_19R04C01.txt	0.0007	0.0000	0.0731	0.5022	0.5000	0.0260	0.000020	-0.0046	23
Sample428.1_54R05C01.txt	0.0007	0.0000	0.0753	0.5007	0.5000	0.0243	0.000037	0.0041	21
Sample148.1_22R01C01.txt	-0.0282	0.0000	0.1468	0.5105	0.5000	0.0493	0.000278	0.0071	34
Sample664.1_4R03C01.txt	-0.0000	0.0000	0.0819	0.5009	0.5000	0.0257	0.000031	0.0047	21
Sample41.1_10R04C01.txt	0.0004	0.0000	0.0851	0.5025	0.5000	0.0269	0.000025	-0.0060	21
Sample455.1_45R01C01.txt	-0.0085	0.0000	0.1009	0.5034	0.5000	0.0306	0.000045	0.0067	19
Samplec102.1_7R01C01.txt	-0.0035	0.0000	0.1484	0.5076	0.5000	0.0497	0.000733	-0.0069	20
Sample97.1_11R08C01.txt	0.0035	0.0000	0.0786	0.5010	0.5000	0.0236	0.000024	-0.0038	16
Sample739.1_13R07C01.txt	0.0162	0.0000	0.1079	0.4990	0.5000	0.0267	0.000000	-0.0049	20
Samplec100.1_2R01C01.txt	0.0047	0.0000	0.0909	0.5020	0.5000	0.0269	0.000021	-0.0058	25
Sample497.1_48R04C01.txt	-0.0064	0.0000	0.0799	0.5017	0.5000	0.0271	0.000053	0.0042	33
Sample398.1_19R06C01.txt	0.0019	0.0000	0.0779	0.5011	0.5000	0.0249	0.000031	0.0050	24
SampleY-40.1_21R03C01.txt	0.0141	0.0000	0.1165	0.4997	0.5000	0.0261	0.000069	0.0078	14
Sample656.1_11R08C01.txt	-0.0277	0.0000	0.1779	0.5103	0.5000	0.0532	0.000229	0.0111	73
Sample200.1_29R07C01.txt	0.0066	0.0000	0.0864	0.5007	0.5000	0.0231	0.000031	-0.0060	28
Sample299.1_67R07C01.txt	0.0017	0.0000	0.0844	0.4995	0.5000	0.0262	0.000039	-0.0058	25
Sample46.1_6R02C01.txt	-0.0165	0.0000	0.1539	0.5047	0.5000	0.0390	0.000197	0.0063	30
Sample256.1_28R07C01.txt	-0.0074	0.0000	0.0908	0.5029	0.5000	0.0285	0.000037	0.0052	28
Sample505.1_77R04C01.txt	-0.0049	0.0000	0.0819	0.5007	0.5000	0.0270	0.000042	0.0052	23
Sample562.1_46R08C01.txt	-0.0023	0.0000	0.0789	0.5005	0.5000	0.0265	0.000031	0.0038	29
Sample526.1_57R04C01.txt	0.0010	0.0000	0.0696	0.5017	0.5000	0.0240	0.000030	0.0045	27
Sample353.1_80R07C01.txt	-0.0088	0.0000	0.0988	0.5017	0.5000	0.0278	0.000041	-0.0052	22
Samplec79.1_10R05C01.txt	0.0105	0.0000	0.1044	0.5011	0.5000	0.0273	0.000042	-0.0054	20
Sample442.1_49R04C01.txt	-0.0027	0.0000	0.0819	0.5013	0.5000	0.0260	0.000057	0.0043	18
Sample266.1_20R03C01.txt	0.0003	0.0000	0.0702	0.5015	0.5000	0.0251	0.000023	0.0048	15
Samplec33.1_65R08C01.txt	0.0058	0.0000	0.1099	0.4988	0.5000	0.0275	0.000035	-0.0057	30
Sample682.1_15R06C01.txt	0.0134	0.0000	0.1194	0.4991	0.5000	0.0282	0.000072	-0.0057	16
Sample67.1_2R08C01.txt	-0.0012	0.0000	0.0757	0.4998	0.5000	0.0244	0.000028	0.0040	15
Sample425.1_50R06C01.txt	-0.0063	0.0000	0.0900	0.5007	0.5000	0.0268	0.000021	0.0045	28
Sample561.1_46R01C01.txt	-0.0154	0.0000	0.1206	0.5036	0.5000	0.0339	0.000070	0.0061	19
Sample9.1_6R07C01.txt	-0.0062	0.0000	0.1072	0.5021	0.5000	0.0293	0.000060	-0.0056	24
Sample263.1_33R03C01.txt	0.0016	0.0000	0.0782	0.5013	0.5000	0.0265	0.000025	-0.0045	19
Sample386.1_19R05C01.txt	0.0019	0.0000	0.0787	0.5017	0.5000	0.0253	0.000019	0.0041	20
Sample109.1_62R03C01.txt	0.0043	0.0000	0.0824	0.5016	0.5000	0.0245	0.000010	-0.0072	27
Sample185.1_23R03C01.txt	0.0018	0.0000	0.0700	0.5022	0.5000	0.0264	0.000023	0.0037	21
Sample554.1_37R05C01.txt	-0.0098	0.0000	0.0855	0.5013	0.5000	0.0255	0.000038	0.0042	24
Sample692.1_5R03C01.txt	0.0024	0.0000	0.0875	0.5010	0.5000	0.0266	0.000062	-0.0058	31
Sample676.1_21R07C01.txt	0.0133	0.0000	0.1233	0.4989	0.5000	0.0284	0.000041	-0.0107	21
Sample481.1_49R06C01.txt	-0.0010	0.0000	0.0832	0.5005	0.5000	0.0256	0.000062	0.0039	27
Sample694.1_19R07C01.txt	-0.0040	0.0000	0.0811	0.5001	0.5000	0.0249	0.000028	-0.0040	24
Sample176.1_29R05C01.txt	0.0021	0.0000	0.0783	0.5013	0.5000	0.0240	0.000040	0.0047	18
Samplec50.1_59R02C01.txt	-0.0022	0.0000	0.0836	0.5017	0.5000	0.0279	0.000042	0.0039	22
Sample55.1_11R05C01.txt	0.0010	0.0000	0.0752	0.5018	0.5000	0.0242	0.000037	0.0051	24
Sample665.1_4R07C01.txt	0.0001	0.0000	0.0795	0.5008	0.5000	0.0250	0.000046	0.0046	16
Sample590.1_37R08C01.txt	-0.0061	0.0000	0.0746	0.5007	0.5000	0.0248	0.000030	0.0039	25
Sample464.1_55R06C01.txt	0.0014	0.0000	0.0770	0.5001	0.5000	0.0248	0.000019	0.0048	26
Sample655.1_27R05C01.txt	0.0002	0.0000	0.0919	0.4995	0.5000	0.0262	0.000041	0.0043	19
Sample404.1_24R08C01.txt	-0.0120	0.0000	0.1141	0.5043	0.5000	0.0326	0.000090	0.0073	22
Sample198.1_26R01C01.txt	-0.0360	0.0000	0.1658	0.5104	0.5000	0.0501	0.000300	0.0100	42
Sample192.1_63R04C01.txt	-0.0009	0.0000	0.0931	0.5020	0.5000	0.0281	0.000042	-0.0069	16
Sample475.1_50R04C01.txt	-0.0100	0.0000	0.0959	0.5019	0.5000	0.0290	0.000031	0.0055	23
Sample178.1_18R04C01.txt	0.0029	0.0000	0.0684	0.5014	0.5000	0.0236	0.000023	0.0033	25
Sample668.1_14R05C01.txt	0.0089	0.0000	0.1031	0.5002	0.5000	0.0249	0.000049	-0.0057	17
Sample128.1_29R01C01.txt	-0.0275	0.0000	0.1372	0.5083	0.5000	0.0434	0.000144	0.0067	33
Samplec118.1_18R01C01.txt	-0.0026	0.0000	0.0865	0.5026	0.5000	0.0299	0.000029	0.0049	23
Sample26.1_2R05C01.txt	-0.0047	0.0000	0.0945	0.5022	0.5000	0.0276	0.000035	0.0070	16
Sample238.1_32R06C01.txt	0.0071	0.0000	0.0949	0.5007	0.5000	0.0242	0.000033	-0.0076	31
Samplec61.1_51R06C01.txt	-0.0129	0.0000	0.1092	0.5006	0.5000	0.0279	0.000058	0.0081	43
Samplec106.1_26R07C01.txt	0.0064	0.0000	0.1046	0.4991	0.5000	0.0274	0.000019	0.0050	18
Sample757.1_29R02C01.txt	0.0027	0.0000	0.0847	0.5006	0.5000	0.0249	0.000021	-0.0063	18
Sample149.1_22R08C01.txt	-0.0022	0.0000	0.0917	0.5028	0.5000	0.0277	0.000022	0.0042	14
Sample125.1_22R06C01.txt	0.0029	0.0000	0.0766	0.5011	0.5000	0.0234	0.000021	-0.0054	20
SampleY-65.1_13R01C01.txt	0.0024	0.0000	0.0786	0.5018	0.5000	0.0267	0.000029	-0.0052	26
Sample703.1_19R04C01.txt	-0.0076	0.0000	0.0931	0.5005	0.5000	0.0277	0.000036	0.0058	28
Sample395.1_52R06C01.txt	-0.0008	0.0000	0.0798	0.5001	0.5000	0.0254	0.000022	-0.0041	23
Sample208.1_72R07C01.txt	0.0028	0.0000	0.0872	0.5001	0.5000	0.0255	0.000022	0.0050	22
Sample308.1_31R03C01.txt	-0.0073	0.0000	0.0833	0.5029	0.5000	0.0296	0.000041	-0.0055	24
SampleY-72.1_23R05C01.txt	0.0049	0.0000	0.0951	0.5004	0.5000	0.0260	0.000021	-0.0048	30
Sample16.1_11R02C01.txt	-0.0009	0.0000	0.0898	0.5030	0.5000	0.0294	0.000058	-0.0071	25
Sample541.1_37R04C01.txt	-0.0123	0.0000	0.0954	0.5015	0.5000	0.0273	0.000035	0.0059	26
Sample381.1_35R08C01.txt	-0.0093	0.0000	0.1043	0.5028	0.5000	0.0302	0.000046	0.0058	26
Sample565.1_44R06C01.txt	-0.0053	0.0000	0.0737	0.5011	0.5000	0.0250	0.000016	-0.0035	19
Sample262.1_32R08C01.txt	0.0058	0.0000	0.0998	0.5009	0.5000	0.0261	0.000031	0.0050	22
Sample735.1_12R02C01.txt	-0.0017	0.0000	0.0839	0.5022	0.5000	0.0273	0.000033	0.0053	23
Sample658.1_1R04C01.txt	0.0090	0.0000	0.0892	0.5009	0.5000	0.0247	0.000053	0.0049	19
Samplec5.1_43R07C01.txt	-0.0001	0.0000	0.0842	0.5001	0.5000	0.0260	0.000020	0.0048	28
Sample11.1_7R06C01.txt	0.0007	0.0000	0.0935	0.5014	0.5000	0.0240	0.000026	0.0059	22
Sample167.1_44R03C01.txt	-0.0098	0.0000	0.0841	0.5027	0.5000	0.0285	0.000032	0.0040	20
Sample285.1_67R04C01.txt	0.0021	0.0000	0.0741	0.5006	0.5000	0.0252	0.000021	-0.0041	20
Sample650.1_6R08C01.txt	-0.0211	0.0000	0.1580	0.5093	0.5000	0.0477	0.000174	0.0100	67
Sample151.1_26R03C01.txt	0.0041	0.0000	0.0851	0.5020	0.5000	0.0253	0.000046	-0.0066	25
Sample258.1_27R07C01.txt	-0.0080	0.0000	0.0812	0.5016	0.5000	0.0261	0.000021	0.0043	27
Sample402.1_69R08C01.txt	-0.0050	0.0000	0.0863	0.4995	0.5000	0.0275	0.000026	-0.0053	26
Sample511.1_47R05C01.txt	-0.0083	0.0000	0.0810	0.5022	0.5000	0.0270	0.000038	-0.0038	22
Sample729.1_16R03C01.txt	0.0021	0.0000	0.0886	0.5000	0.5000	0.0261	0.000039	0.0048	23
Sample646.1_13R05C01.txt	0.0098	0.0000	0.1148	0.5003	0.5000	0.0272	0.000000	-0.0134	18
Sample387.1_17R01C01.txt	-0.0105	0.0000	0.0986	0.5038	0.5000	0.0338	0.000063	0.0079	19
Samplec77.1_9R08C01.txt	0.0052	0.0000	0.1285	0.5018	0.5000	0.0333	0.000061	0.0053	20
Samplec121.1_8R02C01.txt	0.0031	0.0000	0.0900	0.5025	0.5000	0.0333	0.000038	-0.0061	20
Sample413.1_55R03C01.txt	-0.0026	0.0000	0.0736	0.5012	0.5000	0.0257	0.000037	0.0036	25
Sample513.1_56R04C01.txt	-0.0065	0.0000	0.1103	0.4995	0.5000	0.0292	0.000037	0.0070	24
SampleY-16.1_17R04C01.txt	-0.0055	0.0000	0.0898	0.5009	0.5000	0.0267	0.000062	-0.0061	25
Sample64.1_5R01C01.txt	-0.0154	0.0000	0.1265	0.5055	0.5000	0.0379	0.000097	0.0064	14
Sample466.1_54R08C01.txt	0.0055	0.0000	0.0881	0.4998	0.5000	0.0274	0.000033	0.0045	35
CEP_C15.3_25R02C01.txt	-0.0028	0.0000	0.0911	0.5013	0.5000	0.0273	0.000041	0.0114	20
SampleY-69.1_27R03C01.txt	-0.0047	0.0000	0.0980	0.5004	0.5000	0.0286	0.000040	0.0047	18
Samplec9.1_38R05C01.txt	-0.0111	0.0000	0.0994	0.5012	0.5000	0.0277	0.000069	0.0063	34
Sample83.1_4R05C01.txt	-0.0020	0.0000	0.0867	0.5021	0.5000	0.0252	0.000026	0.0049	29
Sample142.1_70R05C01.txt	-0.0005	0.0000	0.0844	0.5006	0.5000	0.0254	0.000032	-0.0065	20
CEP_C2.2_2R02C01.txt	-0.0147	0.0000	0.1102	0.5047	0.5000	0.0339	0.000068	0.0074	18
Sample686.1_9R03C01.txt	0.0080	0.0000	0.1037	0.5013	0.5000	0.0253	0.000041	-0.0110	16
Sample225.1_67R05C01.txt	0.0011	0.0000	0.0745	0.5001	0.5000	0.0251	0.000041	0.0040	24
Samplec25.1_51R08C01.txt	-0.0204	0.0000	0.1210	0.5022	0.5000	0.0299	0.000040	0.0106	33
Sample51.1_1R08C01.txt	-0.0006	0.0000	0.0845	0.5009	0.5000	0.0248	0.000023	-0.0056	21
Sample698.1_7R07C01.txt	0.0172	0.0000	0.1176	0.4998	0.5000	0.0275	0.000030	-0.0074	12
Sample229.1_16R01C01.txt	-0.0516	0.0000	0.2516	0.5103	0.5000	0.0687	0.001187	0.0143	32
Sample71.1_71R06C01.txt	-0.0053	0.0000	0.0888	0.4995	0.5000	0.0285	0.000041	-0.0042	20
Sample129.1_21R01C01.txt	-0.0299	0.0000	0.1594	0.5080	0.5000	0.0456	0.000192	0.0068	25
Sample738.1_27R07C01.txt	-0.0017	0.0000	0.0937	0.4995	0.5000	0.0268	0.000054	0.0054	26
Sample495.1_45R08C01.txt	-0.0176	0.0000	0.1094	0.5012	0.5000	0.0268	0.000036	0.0092	26
Sample546.1_38R01C01.txt	-0.0234	0.0000	0.1486	0.5027	0.5000	0.0358	0.000119	0.0108	37
Sample219.1_28R04C01.txt	-0.0000	0.0000	0.0711	0.5016	0.5000	0.0253	0.000008	0.0042	17
Sample37.1_7R08C01.txt	0.0006	0.0000	0.0975	0.5010	0.5000	0.0247	0.000028	-0.0047	22
SampleY-33.1_3R01C01.txt	0.0042	0.0000	0.0845	0.5012	0.5000	0.0251	0.000039	-0.0080	20
Sample358.1_52R03C01.txt	-0.0025	0.0000	0.0761	0.5007	0.5000	0.0250	0.000021	-0.0044	23
Sample493.1_49R07C01.txt	-0.0016	0.0000	0.0877	0.5001	0.5000	0.0263	0.000039	0.0046	23
Sample736.1_22R01C01.txt	0.0028	0.0000	0.3674	0.5021	0.5000	0.0658	0.000157	0.0282	9
Sample553.1_44R05C01.txt	-0.0044	0.0000	0.0741	0.5016	0.5000	0.0254	0.000022	0.0039	26
Samplec41.1_60R05C01.txt	-0.0011	0.0000	0.0928	0.4997	0.5000	0.0277	0.000123	-0.0056	29
Sample93.1_5R03C01.txt	-0.0048	0.0000	0.0997	0.5046	0.5000	0.0330	0.000035	0.0076	21
SampleY-44.1_25R08C01.txt	0.0030	0.0000	0.1153	0.4999	0.5000	0.0302	0.000058	-0.0066	15
Sample426.1_55R04C01.txt	-0.0025	0.0000	0.0782	0.5010	0.5000	0.0257	0.000025	-0.0045	19
Sample15.1_71R04C01.txt	-0.0102	0.0000	0.1013	0.5010	0.5000	0.0309	0.000033	0.0049	22
Samplec44.1_65R04C01.txt	0.0026	0.0000	0.0862	0.4999	0.5000	0.0254	0.000035	-0.0042	28
Samplec66.1_58R04C01.txt	0.0004	0.0000	0.0872	0.5010	0.5000	0.0257	0.000103	0.0041	30
Sample408.1_36R08C01.txt	-0.0082	0.0000	0.0961	0.5018	0.5000	0.0288	0.000035	0.0065	23
Sample103.1_7R05C01.txt	0.0049	0.0000	0.1087	0.5017	0.5000	0.0245	0.000011	-0.0108	53
SampleY-71.1_23R01C01.txt	-0.0568	0.0000	0.2391	0.5131	0.5000	0.0734	0.001828	0.0163	80
Sample175.1_26R05C01.txt	0.0027	0.0000	0.0779	0.5016	0.5000	0.0240	0.000033	0.0039	18
Sample749.1_20R01C01.txt	-0.0213	0.0000	0.1384	0.5048	0.5000	0.0408	0.000133	0.0092	33
Samplec26.1_59R04C01.txt	-0.0013	0.0000	0.0820	0.5009	0.5000	0.0263	0.000067	0.0043	20
SampleY-66.1_13R04C01.txt	0.0109	0.0000	0.0945	0.5004	0.5000	0.0255	0.000021	-0.0051	22
Sample699.1_25R06C01.txt	0.0046	0.0000	0.1005	0.4999	0.5000	0.0267	0.000032	-0.0045	20
Sample595.1_38R04C01.txt	-0.0139	0.0000	0.1148	0.5017	0.5000	0.0293	0.000082	0.0081	28
Sample429.1_49R03C01.txt	-0.0027	0.0000	0.0808	0.5013	0.5000	0.0263	0.000036	0.0044	20
Sample62.1_7R02C01.txt	-0.0036	0.0000	0.0868	0.5033	0.5000	0.0275	0.000035	0.0058	21
Sample348.1_31R05C01.txt	-0.0137	0.0000	0.0910	0.5042	0.5000	0.0309	0.000038	0.0046	19
Sample510.1_47R04C01.txt	-0.0089	0.0000	0.0853	0.5022	0.5000	0.0277	0.000026	0.0050	28
Sample228.1_68R05C01.txt	-0.0019	0.0000	0.0807	0.5012	0.5000	0.0273	0.000026	0.0039	22
Samplec129.1_18R07C01.txt	0.0137	0.0000	0.1088	0.4993	0.5000	0.0269	0.000055	0.0061	27
Sample282.1_2R03C01.txt	-0.0099	0.0000	0.1009	0.5035	0.5000	0.0311	0.000046	0.0052	23
Sample286.1_67R06C01.txt	0.0053	0.0000	0.0804	0.5000	0.5000	0.0243	0.000022	-0.0055	23
Sample503.1_75R07C01.txt	-0.0113	0.0000	0.0999	0.5012	0.5000	0.0297	0.000043	0.0052	27
Sample730.1_2R03C01.txt	0.0084	0.0000	0.0936	0.5016	0.5000	0.0257	0.000000	-0.0058	20
Sample472.1_48R03C01.txt	-0.0065	0.0000	0.0842	0.5022	0.5000	0.0278	0.000044	0.0044	25
Sample53.1_2R07C01.txt	-0.0023	0.0000	0.0844	0.5005	0.5000	0.0254	0.000029	0.0055	19
Sample188.1_29R06C01.txt	0.0028	0.0000	0.0801	0.5011	0.5000	0.0234	0.000036	0.0042	22
Sample134.1_62R04C01.txt	0.0046	0.0000	0.0826	0.5012	0.5000	0.0237	0.000026	-0.0078	22
Sample311.1_69R07C01.txt	-0.0075	0.0000	0.0927	0.5003	0.5000	0.0287	0.000024	-0.0044	26
Sample550.1_46R07C01.txt	-0.0053	0.0000	0.0792	0.5006	0.5000	0.0262	0.000029	0.0040	15
Samplec119.1_18R02C01.txt	0.0048	0.0000	0.0868	0.5008	0.5000	0.0251	0.000040	-0.0053	18
Sample216.1_33R08C01.txt	-0.0199	0.0000	0.1289	0.5056	0.5000	0.0376	0.000101	0.0070	28
Sample180.1_13R08C01.txt	-0.0216	0.0000	0.1370	0.4997	0.5000	0.0349	0.000131	-0.0058	25
Sample724.1_12R04C01.txt	-0.0002	0.0000	0.0728	0.5019	0.5000	0.0259	0.000033	-0.0036	17
Sample72.1_8R04C01.txt	0.0006	0.0000	0.0897	0.5033	0.5000	0.0287	0.000031	0.0079	24
Sample528.1_37R03C01.txt	-0.0155	0.0000	0.0998	0.5023	0.5000	0.0291	0.000041	0.0050	27
Samplec109.1_20R04C01.txt	-0.0064	0.0000	0.0826	0.5004	0.5000	0.0270	0.000037	0.0068	28
Sample379.1_34R03C01.txt	-0.0150	0.0000	0.1135	0.5064	0.5000	0.0383	0.000106	0.0064	34
Samplec112.1_20R07C01.txt	-0.0099	0.0000	0.0931	0.5001	0.5000	0.0282	0.000033	0.0057	22
Sample518.1_42R08C01.txt	0.0078	0.0000	0.1018	0.4995	0.5000	0.0276	0.000031	-0.0060	20
Sample260.1_25R01C01.txt	-0.0352	0.0000	0.1668	0.5107	0.5000	0.0535	0.000367	0.0092	34
Sample408.1_15R03C01.txt	-0.0022	0.0000	0.0802	0.5025	0.5000	0.0287	0.000032	0.0041	20
SampleY-62.1_11R07C01.txt	0.0115	0.0000	0.1087	0.5008	0.5000	0.0267	0.000039	-0.0070	17
Sample432.1_40R03C01.txt	-0.0007	0.0000	0.0815	0.5016	0.5000	0.0265	0.000033	-0.0039	35
Sample476.1_55R01C01.txt	-0.0042	0.0000	0.0823	0.5018	0.5000	0.0283	0.000031	-0.0048	26
Sample559.1_38R02C01.txt	-0.0225	0.0000	0.1513	0.5023	0.5000	0.0341	0.000108	0.0119	100
Sample707.1_25R04C01.txt	0.0028	0.0000	0.0924	0.5006	0.5000	0.0265	0.000033	-0.0042	23
Samplec17.1_60R08C01.txt	0.0023	0.0000	0.1059	0.4990	0.5000	0.0303	0.000097	-0.0055	21
Sample189.1_21R06C01.txt	-0.0017	0.0000	0.0876	0.5016	0.5000	0.0269	0.000041	0.0046	31
Sample273.1_32R03C01.txt	0.0022	0.0000	0.0794	0.5014	0.5000	0.0255	0.000018	0.0042	13
Samplec32.1_65R03C01.txt	0.0018	0.0000	0.0856	0.5000	0.5000	0.0265	0.000039	0.0046	29
Sample520.1_41R08C01.txt	-0.0077	0.0000	0.0902	0.5009	0.5000	0.0255	0.000051	0.0049	19
Sample448.1_53R01C01.txt	-0.0067	0.0000	0.0860	0.5015	0.5000	0.0275	0.000041	-0.0048	29
Samplec114.1_25R07C01.txt	0.0068	0.0000	0.1026	0.4996	0.5000	0.0272	0.000034	-0.0054	22
Sample465.1_54R02C01.txt	-0.0011	0.0000	0.0732	0.5016	0.5000	0.0256	0.000021	-0.0037	19
Samplec134.1_8R08C01.txt	-0.0119	0.0000	0.1401	0.5061	0.5000	0.0455	0.000095	0.0093	47
Sample24.1_1R07C01.txt	-0.0026	0.0000	0.0829	0.5011	0.5000	0.0257	0.000023	-0.0056	28
Sample430.1_49R08C01.txt	-0.0040	0.0000	0.0971	0.5001	0.5000	0.0281	0.000037	0.0082	21
Sample456.1_45R05C01.txt	-0.0060	0.0000	0.0875	0.5011	0.5000	0.0254	0.000021	0.0046	14
Sample371.1_31R02C01.txt	-0.0079	0.0000	0.0896	0.5036	0.5000	0.0313	0.000042	0.0053	19
Sample576.1_76R04C01.txt	0.0002	0.0000	0.0708	0.5009	0.5000	0.0258	0.000028	0.0036	19
SampleY-26.1_15R03C01.txt	0.0073	0.0000	0.0999	0.5002	0.5000	0.0258	0.000051	-0.0050	19
Sample35.1_9R01C01.txt	-0.0110	0.0000	0.1072	0.5060	0.5000	0.0367	0.000051	0.0060	18
Sample59.1_6R03C01.txt	-0.0125	0.0000	0.1392	0.5042	0.5000	0.0361	0.000152	0.0061	14
Sample356.1_35R06C01.txt	0.0021	0.0000	0.0730	0.5009	0.5000	0.0237	0.000031	-0.0040	17
Sample461.1_53R04C01.txt	-0.0051	0.0000	0.0895	0.5003	0.5000	0.0267	0.000024	0.0059	22
Sample750.1_9R07C01.txt	0.0161	0.0000	0.1147	0.5003	0.5000	0.0266	0.000039	-0.0071	18
Sample8.1_3R07C01.txt	0.0005	0.0000	0.0818	0.5013	0.5000	0.0246	0.000021	-0.0055	21
Sample80.1_10R01C01.txt	-0.0069	0.0000	0.0903	0.5043	0.5000	0.0331	0.000046	0.0050	25
Sample410.1_73R03C01.txt	-0.0044	0.0000	0.0882	0.5001	0.5000	0.0276	0.000032	0.0056	30
Sample132.1_13R04C01.txt	0.0014	0.0000	0.0978	0.5026	0.5000	0.0283	0.000063	-0.0085	28
Sample471.1_40R05C01.txt	0.0013	0.0000	0.0803	0.5009	0.5000	0.0244	0.000029	-0.0045	21
Samplec127.1_18R05C01.txt	0.0124	0.0000	0.1038	0.5000	0.5000	0.0271	0.000041	0.0059	30
Sample569.1_41R04C01.txt	-0.0115	0.0000	0.1092	0.5024	0.5000	0.0295	0.000078	0.0055	30
SampleY-30.1_15R07C01.txt	0.0142	0.0000	0.1204	0.4991	0.5000	0.0286	0.000075	-0.0070	15
Sample347.1_16R08C01.txt	-0.0212	0.0000	0.1246	0.5038	0.5000	0.0321	0.000079	0.0093	31
CEP_C16.3_25R02C01.txt	-0.0048	0.0000	0.0841	0.5024	0.5000	0.0285	0.000024	0.0127	22
Sample748.1_26R05C01.txt	-0.0006	0.0000	0.1018	0.5006	0.5000	0.0276	0.000031	0.0074	31
Sample30.1_4R02C01.txt	-0.0035	0.0000	0.0887	0.5032	0.5000	0.0282	0.000034	0.0060	21
Samplec126.1_8R06C01.txt	0.0090	0.0000	0.0968	0.5013	0.5000	0.0267	0.000023	0.0050	26
Sample165.1_21R04C01.txt	-0.0048	0.0000	0.0931	0.5028	0.5000	0.0297	0.000042	0.0050	19
Sample625.1_4R08C01.txt	-0.0280	0.0000	0.1404	0.5071	0.5000	0.0394	0.000108	0.0083	46
Sample706.1_19R08C01.txt	-0.0165	0.0000	0.1273	0.5013	0.5000	0.0307	0.000043	0.0137	56
Sample123.1_62R06C01.txt	0.0073	0.0000	0.0838	0.5001	0.5000	0.0229	0.000033	-0.0066	30
Sample446.1_79R05C01.txt	-0.0043	0.0000	0.0865	0.5010	0.5000	0.0276	0.000028	0.0055	28
Sample499.1_53R07C01.txt	-0.0035	0.0000	0.1048	0.4994	0.5000	0.0283	0.000035	-0.0062	24
Sample322.1_19R02C01.txt	-0.0028	0.0000	0.0765	0.5035	0.5000	0.0302	0.000033	0.0046	27
Sample527.1_44R01C01.txt	-0.0165	0.0000	0.1175	0.5040	0.5000	0.0342	0.000036	0.0064	17
Sample10.1_71R07C01.txt	-0.0043	0.0000	0.0869	0.4991	0.5000	0.0286	0.000028	0.0043	18
Sample281.1_27R05C01.txt	0.0009	0.0000	0.0694	0.5007	0.5000	0.0235	0.000031	0.0037	21
Sample306.1_66R03C01.txt	-0.0049	0.0000	0.0887	0.4997	0.5000	0.0277	0.000022	-0.0063	29
Sample397.1_19R01C01.txt	-0.0344	0.0000	0.1880	0.5079	0.5000	0.0580	0.000560	0.0124	36
Sample433.1_48R01C01.txt	-0.0099	0.0000	0.0991	0.5034	0.5000	0.0312	0.000057	0.0052	22
Samplec11.1_51R03C01.txt	-0.0166	0.0000	0.1209	0.5014	0.5000	0.0303	0.000063	0.0087	38
Sample719.1_2R06C01.txt	0.0165	0.0000	0.1078	0.5005	0.5000	0.0258	0.000018	-0.0074	21
Sample207.1_72R04C01.txt	-0.0010	0.0000	0.0787	0.5006	0.5000	0.0254	0.000035	0.0042	20
Sample17.1_4R01C01.txt	-0.0087	0.0000	0.0981	0.5049	0.5000	0.0329	0.000042	0.0055	21
Sample531.1_41R01C01.txt	-0.0255	0.0000	0.1502	0.5042	0.5000	0.0377	0.000110	0.0084	27
Sample84.1_8R05C01.txt	-0.0013	0.0000	0.0841	0.5032	0.5000	0.0285	0.000038	0.0045	18
Sample223.1_67R02C01.txt	0.0031	0.0000	0.0794	0.5014	0.5000	0.0263	0.000032	-0.0052	27
SampleY-41.1_1R05C01.txt	0.0098	0.0000	0.0957	0.5003	0.5000	0.0252	0.000063	-0.0060	17
Sample538.1_76R02C01.txt	-0.0021	0.0000	0.0778	0.5019	0.5000	0.0288	0.000034	-0.0038	22
Sample298.1_32R04C01.txt	0.0032	0.0000	0.0807	0.5011	0.5000	0.0246	0.000021	0.0039	28
Sample424.1_53R08C01.txt	0.0022	0.0000	0.1138	0.4990	0.5000	0.0301	0.000037	0.0073	16
Sample326.1_17R08C01.txt	-0.0067	0.0000	0.0877	0.5022	0.5000	0.0290	0.000040	0.0049	23
Samplec52.1_60R01C01.txt	-0.0048	0.0000	0.0896	0.5016	0.5000	0.0281	0.000091	0.0053	17
Samplec14.1_59R07C01.txt	-0.0045	0.0000	0.0969	0.5001	0.5000	0.0279	0.000074	0.0068	23
Sample364.1_80R04C01.txt	0.0018	0.0000	0.0874	0.5011	0.5000	0.0263	0.000020	-0.0065	38
Sample68.1_10R06C01.txt	0.0007	0.0000	0.0798	0.5016	0.5000	0.0247	0.000032	0.0049	14
Sample255.1_28R01C01.txt	-0.0063	0.0000	0.1040	0.5038	0.5000	0.0335	0.000057	-0.0072	22
Sample584.1_78R03C01.txt	-0.0019	0.0000	0.0816	0.5006	0.5000	0.0275	0.000028	0.0040	18
Sample324.1_17R02C01.txt	-0.0024	0.0000	0.0700	0.5032	0.5000	0.0284	0.000021	0.0035	22
Sample119.1_63R02C01.txt	-0.0099	0.0000	0.1011	0.5030	0.5000	0.0321	0.000040	0.0065	19
Sample269.1_72R05C01.txt	0.0028	0.0000	0.0787	0.5004	0.5000	0.0244	0.000029	0.0044	30
Samplec37.1_51R04C01.txt	-0.0091	0.0000	0.0961	0.5016	0.5000	0.0272	0.000039	0.0059	27
Sample44.1_8R02C01.txt	-0.0042	0.0000	0.0843	0.5044	0.5000	0.0325	0.000043	0.0045	22
Sample649.1_28R02C01.txt	-0.0015	0.0000	0.0865	0.5011	0.5000	0.0251	0.000031	-0.0122	24
Sample468.1_45R02C01.txt	-0.0071	0.0000	0.0911	0.5028	0.5000	0.0281	0.000034	0.0046	18
Samplec46.1_64R08C01.txt	-0.0015	0.0000	0.1070	0.5001	0.5000	0.0273	0.000031	-0.0063	31
Sample578.1_37R07C01.txt	-0.0095	0.0000	0.0820	0.5009	0.5000	0.0254	0.000033	0.0059	18
Sample177.1_21R05C01.txt	-0.0051	0.0000	0.0917	0.5020	0.5000	0.0287	0.000045	0.0060	19
Sample563.1_56R08C01.txt	-0.0019	0.0000	0.1164	0.4995	0.5000	0.0320	0.000040	-0.0087	27
Sample537.1_56R06C01.txt	-0.0058	0.0000	0.1164	0.4992	0.5000	0.0297	0.000043	-0.0075	16
Samplec28.1_60R04C01.txt	0.0013	0.0000	0.0886	0.5000	0.5000	0.0266	0.000094	0.0054	22
Sample568.1_43R04C01.txt	-0.0056	0.0000	0.0863	0.5010	0.5000	0.0268	0.000040	0.0063	22
Sample81.1_10R07C01.txt	0.0033	0.0000	0.0788	0.5011	0.5000	0.0231	0.000033	0.0055	18
Sample331.1_35R05C01.txt	0.0021	0.0000	0.0758	0.5009	0.5000	0.0238	0.000031	-0.0047	17
Sample116.1_26R08C01.txt	-0.0133	0.0000	0.1065	0.5023	0.5000	0.0289	0.000045	0.0072	28
Sample470.1_45R06C01.txt	-0.0027	0.0000	0.0840	0.5007	0.5000	0.0238	0.000026	0.0048	23
SampleY-53.1_21R08C01.txt	0.0036	0.0000	0.1320	0.5004	0.5000	0.0332	0.000073	0.0071	16
Sample321.1_31R04C01.txt	-0.0036	0.0000	0.0775	0.5022	0.5000	0.0278	0.000033	0.0037	15
Sample74.1_6R04C01.txt	-0.0107	0.0000	0.1236	0.5034	0.5000	0.0334	0.000077	0.0051	20
Sample13.1_12R02C01.txt	-0.0026	0.0000	0.0721	0.5025	0.5000	0.0260	0.000031	0.0047	13
Sample120.1_63R03C01.txt	-0.0028	0.0000	0.0959	0.5025	0.5000	0.0293	0.000038	-0.0061	26
Samplec132.1_17R01C01.txt	-0.0189	0.0000	0.1316	0.5038	0.5000	0.0397	0.000065	0.0095	26
Sample409.1_52R07C01.txt	-0.0013	0.0000	0.0902	0.4997	0.5000	0.0269	0.000020	0.0064	36
Sample77.1_1R03C01.txt	-0.0084	0.0000	0.0935	0.5031	0.5000	0.0307	0.000045	0.0046	20
CEP_C1.3_53R02C01.txt	-0.0066	0.0000	0.0897	0.5014	0.5000	0.0271	0.000031	0.0112	23
Sample734.1_29R08C01.txt	0.0096	0.0000	0.0976	0.4990	0.5000	0.0256	0.000033	-0.0051	19
Sample436.1_50R01C01.txt	-0.0133	0.0000	0.1115	0.5032	0.5000	0.0333	0.000062	0.0070	20
Sample56.1_4R04C01.txt	-0.0041	0.0000	0.0857	0.5025	0.5000	0.0262	0.000032	0.0045	25
Sample76.1_7R03C01.txt	-0.0035	0.0000	0.0866	0.5027	0.5000	0.0264	0.000026	0.0055	16
Sample745.1_7R02C01.txt	0.0080	0.0000	0.0958	0.5015	0.5000	0.0258	0.000000	-0.0069	32
Sample227.1_68R01C01.txt	-0.0109	0.0000	0.1098	0.5038	0.5000	0.0342	0.000060	0.0053	17
Sample121.1_63R06C01.txt	0.0013	0.0000	0.0852	0.5007	0.5000	0.0262	0.000033	-0.0064	20
Samplec8.1_39R07C01.txt	-0.0105	0.0000	0.0969	0.5011	0.5000	0.0264	0.000051	0.0055	23
Sample583.1_76R08C01.txt	-0.0179	0.0000	0.1201	0.5033	0.5000	0.0328	0.000079	0.0088	16
Sample54.1_10R05C01.txt	0.0015	0.0000	0.0825	0.5019	0.5000	0.0252	0.000022	0.0054	25
Sample21.1_6R08C01.txt	-0.0057	0.0000	0.1078	0.5016	0.5000	0.0276	0.000062	-0.0052	23
Samplec96.1_10R01C01.txt	0.0016	0.0000	0.0810	0.5018	0.5000	0.0261	0.000043	-0.0042	19
Sample566.1_37R06C01.txt	-0.0099	0.0000	0.0834	0.5011	0.5000	0.0252	0.000032	0.0048	23
Sample487.1_53R06C01.txt	-0.0035	0.0000	0.0949	0.4998	0.5000	0.0277	0.000039	0.0055	27
Samplec116.1_12R08C01.txt	-0.0259	0.0000	0.1347	0.5068	0.5000	0.0373	0.000062	0.0083	59
Sample344.1_74R07C01.txt	-0.0067	0.0000	0.0910	0.5000	0.5000	0.0293	0.000033	0.0046	33
Sample343.1_74R06C01.txt	-0.0042	0.0000	0.1011	0.5005	0.5000	0.0295	0.000032	-0.0072	28
Samplec1.1_37R01C01.txt	-0.0158	0.0000	0.1103	0.5033	0.5000	0.0321	0.000031	0.0060	20
Samplec21.1_64R06C01.txt	-0.0016	0.0000	0.0854	0.5003	0.5000	0.0258	0.000028	-0.0051	27
CEP_C15.3_30R02C01.txt	-0.0007	0.0000	0.0870	0.5028	0.5000	0.0285	0.000034	-0.0087	23
Sample416.1_49R02C01.txt	-0.0030	0.0000	0.0800	0.5013	0.5000	0.0273	0.000041	0.0047	31
Sample297.1_25R05C01.txt	0.0029	0.0000	0.0744	0.5011	0.5000	0.0232	0.000024	-0.0035	22
Sample301.1_68R03C01.txt	-0.0040	0.0000	0.0841	0.5020	0.5000	0.0293	0.000042	-0.0048	14
Sample162.1_23R07C01.txt	-0.0030	0.0000	0.0887	0.5039	0.5000	0.0295	0.000041	0.0056	25
Sample233.1_27R02C01.txt	-0.0005	0.0000	0.0678	0.5016	0.5000	0.0255	0.000022	0.0039	22
Sample747.1_26R01C01.txt	-0.0512	0.0000	0.2412	0.5086	0.5000	0.0742	0.000984	0.0198	100
Sample43.1_4R03C01.txt	-0.0012	0.0000	0.0896	0.5026	0.5000	0.0266	0.000006	0.0069	25
Sample733.1_29R03C01.txt	0.0003	0.0000	0.0789	0.5004	0.5000	0.0247	0.000038	0.0043	20
Sample728.1_5R05C01.txt	0.0047	0.0000	0.0870	0.5009	0.5000	0.0249	0.000065	0.0052	17
Sample458.1_48R02C01.txt	-0.0056	0.0000	0.0857	0.5030	0.5000	0.0288	0.000035	0.0048	24
Sample167.1_5R08C01.txt	-0.0046	0.0000	0.0843	0.5010	0.5000	0.0264	0.000042	-0.0042	20
SampleY-52.1_21R04C01.txt	0.0144	0.0000	0.1148	0.4994	0.5000	0.0258	0.000037	-0.0064	25
Sample253.1_16R02C01.txt	-0.0100	0.0000	0.1032	0.5056	0.5000	0.0357	0.000062	0.0047	27
Sample182.1_14R01C01.txt	-0.0174	0.0000	0.1321	0.5084	0.5000	0.0444	0.000212	0.0075	32
Sample168.1_13R07C01.txt	-0.0089	0.0000	0.0976	0.5017	0.5000	0.0285	0.000038	0.0043	21
Sample153.1_21R03C01.txt	-0.0029	0.0000	0.0971	0.5030	0.5000	0.0300	0.000042	0.0064	20
Sample483.1_45R07C01.txt	-0.0033	0.0000	0.0805	0.5007	0.5000	0.0237	0.000037	-0.0044	27
Sample523.1_47R06C01.txt	-0.0058	0.0000	0.0773	0.5024	0.5000	0.0264	0.000026	-0.0041	23
SampleY-37.1_11R02C01.txt	0.0051	0.0000	0.0887	0.5014	0.5000	0.0243	0.000032	0.0067	17
Sample25.1_12R03C01.txt	0.0013	0.0000	0.0772	0.5017	0.5000	0.0242	0.000036	0.0065	19
Sample204.1_18R07C01.txt	0.0068	0.0000	0.0877	0.5001	0.5000	0.0236	0.000020	-0.0054	21
Samplec133.1_17R02C01.txt	-0.0059	0.0000	0.0917	0.5014	0.5000	0.0288	0.000044	0.0064	15
SampleY-39.1_14R06C01.txt	0.0109	0.0000	0.1079	0.4998	0.5000	0.0252	0.000053	-0.0054	21
CEP_C16.3_3R02C01.txt	0.0045	0.0000	0.0873	0.5015	0.5000	0.0260	0.000021	0.0109	23
SampleY-38.1_11R06C01.txt	0.0089	0.0000	0.1044	0.5013	0.5000	0.0270	0.000045	-0.0059	24
Sample241.1_66R01C01.txt	-0.0081	0.0000	0.0906	0.5011	0.5000	0.0298	0.000037	0.0055	26
Samplec20.1_65R07C01.txt	0.0051	0.0000	0.0913	0.4990	0.5000	0.0256	0.000036	0.0046	24
Sample131.1_5R05C01.txt	-0.0004	0.0000	0.1004	0.5024	0.5000	0.0290	0.000041	-0.0093	31
Sample144.1_13R05C01.txt	0.0016	0.0000	0.0958	0.5018	0.5000	0.0267	0.000041	-0.0076	27
Samplec93.1_26R02C01.txt	-0.0344	0.0000	0.1832	0.5076	0.5000	0.0548	0.000374	0.0125	64
Samplec86.1_16R06C01.txt	0.0015	0.0000	0.0994	0.4994	0.5000	0.0256	0.000023	-0.0134	16
Sample334.1_16R07C01.txt	-0.0006	0.0000	0.0772	0.5012	0.5000	0.0255	0.000021	0.0040	32
Sample154.1_18R02C01.txt	0.0003	0.0000	0.0808	0.5029	0.5000	0.0279	0.000037	0.0059	21
Sample451.1_75R02C01.txt	-0.0076	0.0000	0.0987	0.5026	0.5000	0.0334	0.000036	0.0044	22
Samplec76.1_12R05C01.txt	0.0020	0.0000	0.0704	0.5014	0.5000	0.0240	0.000027	-0.0045	10
Sample279.1_28R03C01.txt	0.0031	0.0000	0.0724	0.5015	0.5000	0.0251	0.000029	0.0045	30
Sample126.1_23R05C01.txt	0.0063	0.0000	0.0848	0.5012	0.5000	0.0236	0.000014	-0.0081	20
Sample267.1_28R02C01.txt	0.0007	0.0000	0.0715	0.5021	0.5000	0.0266	0.000021	0.0048	20
Sample293.1_28R08C01.txt	-0.0389	0.0000	0.1773	0.5090	0.5000	0.0452	0.000273	0.0163	116
Sample651.1_3R05C01.txt	0.0117	0.0000	0.1042	0.5007	0.5000	0.0261	0.000044	-0.0061	17
SampleY-50.1_14R02C01.txt	0.0037	0.0000	0.0935	0.5007	0.5000	0.0246	0.000054	-0.0061	20
Sample287.1_81R07C01.txt	-0.0022	0.0000	0.0839	0.5005	0.5000	0.0259	0.000035	0.0061	23
Sample394.1_36R07C01.txt	0.0005	0.0000	0.0757	0.5011	0.5000	0.0248	0.000020	-0.0043	30
Sample415.1_75R08C01.txt	-0.0429	0.0000	0.1737	0.5047	0.5000	0.0413	0.000200	0.0093	27
Sample249.1_32R01C01.txt	-0.0342	0.0000	0.1806	0.5107	0.5000	0.0560	0.000500	0.0074	37
Sample69.1_11R06C01.txt	0.0029	0.0000	0.0767	0.5015	0.5000	0.0235	0.000031	0.0057	35
Sample139.1_70R04C01.txt	0.0005	0.0000	0.0950	0.5011	0.5000	0.0270	0.000033	-0.0079	21
Sample12.1_1R06C01.txt	-0.0047	0.0000	0.0834	0.5015	0.5000	0.0264	0.000020	-0.0048	21
Sample20.1_3R08C01.txt	-0.0069	0.0000	0.0951	0.5018	0.5000	0.0269	0.000040	0.0046	19
Sample746.1_29R04C01.txt	0.0011	0.0000	0.0807	0.5003	0.5000	0.0242	0.000023	0.0061	15
Sample709.1_7R05C01.txt	0.0124	0.0000	0.1095	0.5003	0.5000	0.0276	0.000029	-0.0053	22
SampleY-47.1_4R04C01.txt	0.0014	0.0000	0.0816	0.5008	0.5000	0.0246	0.000059	-0.0057	19
Sample713.1_15R08C01.txt	0.0180	0.0000	0.1329	0.4985	0.5000	0.0305	0.000066	-0.0066	18
Sample372.1_31R07C01.txt	-0.0072	0.0000	0.0785	0.5018	0.5000	0.0269	0.000040	0.0040	17
Sample486.1_79R07C01.txt	-0.0015	0.0000	0.0830	0.5001	0.5000	0.0268	0.000033	-0.0048	23
Sample271.1_30R05C01.txt	0.0031	0.0000	0.0825	0.5015	0.5000	0.0245	0.000041	0.0051	24
Sample390.1_24R07C01.txt	0.0035	0.0000	0.0807	0.5015	0.5000	0.0238	0.000024	-0.0035	23
Sample751.1_10R04C01.txt	0.0094	0.0000	0.0988	0.5014	0.5000	0.0261	0.000032	0.0058	17
Sample329.1_74R01C01.txt	-0.0190	0.0000	0.1256	0.5026	0.5000	0.0366	0.000065	0.0065	20
Sample414.1_75R05C01.txt	-0.0002	0.0000	0.0801	0.5008	0.5000	0.0267	0.000006	-0.0047	17
Sample7.1_8R07C01.txt	0.0009	0.0000	0.0867	0.5029	0.5000	0.0275	0.000041	0.0041	21
Sample247.1_67R01C01.txt	-0.0019	0.0000	0.0844	0.5017	0.5000	0.0287	0.000040	-0.0048	28
Sample140.1_29R02C01.txt	0.0020	0.0000	0.0816	0.5026	0.5000	0.0269	0.000020	0.0057	15
Sample600.1_57R07C01.txt	0.0028	0.0000	0.0745	0.5005	0.5000	0.0232	0.000023	-0.0043	17
Sample6.1_4R07C01.txt	0.0016	0.0000	0.0943	0.5011	0.5000	0.0236	0.000031	-0.0076	20
Sample551.1_56R07C01.txt	-0.0041	0.0000	0.1144	0.4993	0.5000	0.0301	0.000037	-0.0068	16
Sample115.1_26R02C01.txt	0.0059	0.0000	0.0951	0.5028	0.5000	0.0270	0.000040	-0.0089	43
Sample340.1_24R04C01.txt	0.0026	0.0000	0.0722	0.5020	0.5000	0.0242	0.000022	-0.0044	22
Sample89.1_9R05C01.txt	0.0030	0.0000	0.0743	0.5021	0.5000	0.0245	0.000032	0.0048	20
Sample388.1_17R07C01.txt	-0.0100	0.0000	0.0939	0.5033	0.5000	0.0295	0.000040	0.0063	26
Sample452.1_54R01C01.txt	-0.0055	0.0000	0.0822	0.5022	0.5000	0.0286	0.000048	0.0047	16
Sample457.1_40R04C01.txt	-0.0005	0.0000	0.0771	0.5016	0.5000	0.0255	0.000037	0.0047	15
Sample564.1_57R05C01.txt	0.0042	0.0000	0.0735	0.5011	0.5000	0.0230	0.000026	-0.0047	21
Samplec135.1_22R02C01.txt	-0.0030	0.0000	0.3596	0.5017	0.5000	0.0658	0.000164	0.0272	6
Sample257.1_27R04C01.txt	0.0001	0.0000	0.0722	0.5011	0.5000	0.0244	0.000018	-0.0053	29
Sample567.1_42R04C01.txt	0.0000	0.0000	0.0748	0.5018	0.5000	0.0251	0.000032	-0.0037	27
Sample362.1_69R04C01.txt	-0.0084	0.0000	0.0969	0.5010	0.5000	0.0305	0.000034	0.0050	18
Sample250.1_32R07C01.txt	0.0082	0.0000	0.0937	0.5003	0.5000	0.0239	0.000018	-0.0061	20
Sample212.1_25R06C01.txt	0.0060	0.0000	0.0888	0.5010	0.5000	0.0232	0.000015	-0.0088	33
Sample524.1_46R05C01.txt	-0.0054	0.0000	0.0890	0.5013	0.5000	0.0279	0.000041	-0.0047	23
Sample113.1_21R01C01.txt	0.0102	0.0000	0.1251	0.5005	0.5000	0.0294	0.000051	-0.0109	15
Sample184.1_22R03C01.txt	0.0021	0.0000	0.0736	0.5020	0.5000	0.0248	0.000031	-0.0052	20
Sample644.1_1R06C01.txt	0.0120	0.0000	0.0992	0.4999	0.5000	0.0259	0.000053	-0.0057	25
Sample411.1_73R05C01.txt	0.0001	0.0000	0.0883	0.4999	0.5000	0.0263	0.000037	-0.0052	23
Sample463.1_50R08C01.txt	-0.0046	0.0000	0.0939	0.5005	0.5000	0.0265	0.000026	-0.0049	23
Sample380.1_35R01C01.txt	-0.0428	0.0000	0.2067	0.5111	0.5000	0.0608	0.000430	0.0122	78
Sample268.1_72R02C01.txt	-0.0015	0.0000	0.0785	0.5017	0.5000	0.0282	0.000020	0.0042	24
Sample365.1_24R05C01.txt	0.0029	0.0000	0.0744	0.5015	0.5000	0.0234	0.000018	-0.0042	18
SampleY-56.1_6R07C01.txt	0.0114	0.0000	0.1035	0.5009	0.5000	0.0269	0.000029	-0.0074	29
Samplec74.1_64R05C01.txt	-0.0041	0.0000	0.0878	0.5008	0.5000	0.0265	0.000022	-0.0053	19
Sample485.1_79R06C01.txt	0.0007	0.0000	0.0847	0.5004	0.5000	0.0261	0.000020	-0.0050	20
Sample427.1_75R06C01.txt	-0.0008	0.0000	0.0779	0.5005	0.5000	0.0269	0.000029	0.0036	30
Sample716.1_5R04C01.txt	0.0016	0.0000	0.0850	0.5011	0.5000	0.0268	0.000073	0.0049	17
Sample490.1_55R07C01.txt	0.0016	0.0000	0.0836	0.5001	0.5000	0.0261	0.000008	0.0050	20
Sample489.1_55R02C01.txt	-0.0031	0.0000	0.0774	0.5017	0.5000	0.0268	0.000025	0.0044	17
Sample161.1_23R01C01.txt	-0.0014	0.0000	0.0913	0.5036	0.5000	0.0309	0.000061	-0.0062	34
Sample141.1_21R02C01.txt	-0.0059	0.0000	0.1061	0.5032	0.5000	0.0323	0.000037	-0.0065	31
Sample66.1_12R06C01.txt	0.0012	0.0000	0.0732	0.5007	0.5000	0.0231	0.000032	0.0039	23
Sample319.1_52R01C01.txt	-0.0048	0.0000	0.0824	0.5017	0.5000	0.0273	0.000019	0.0044	21
Sample361.1_69R01C01.txt	-0.0145	0.0000	0.1162	0.5033	0.5000	0.0355	0.000068	0.0057	29
Sample519.1_43R08C01.txt	0.0070	0.0000	0.0892	0.4996	0.5000	0.0262	0.000036	-0.0042	19
Sample332.1_73R01C01.txt	-0.0038	0.0000	0.0873	0.5011	0.5000	0.0284	0.000028	-0.0056	23
Sample556.1_43R03C01.txt	-0.0071	0.0000	0.0845	0.5014	0.5000	0.0264	0.000041	-0.0057	26
Sample159.1_14R05C01.txt	0.0050	0.0000	0.0859	0.5004	0.5000	0.0235	0.000035	-0.0069	24
Sample454.1_77R03C01.txt	-0.0053	0.0000	0.0849	0.5011	0.5000	0.0283	0.000035	-0.0050	24
Sample294.1_72R06C01.txt	0.0018	0.0000	0.0826	0.5003	0.5000	0.0245	0.000031	0.0045	23
Sample164.1_29R04C01.txt	0.0038	0.0000	0.0835	0.5015	0.5000	0.0246	0.000044	-0.0065	20
Sample522.1_78R01C01.txt	-0.0044	0.0000	0.0823	0.5019	0.5000	0.0297	0.000032	0.0042	18
Sample196.1_22R04C01.txt	0.0013	0.0000	0.0714	0.5019	0.5000	0.0250	0.000010	0.0053	31
Sample52.1_12R05C01.txt	0.0018	0.0000	0.0777	0.5012	0.5000	0.0232	0.000019	0.0054	26
Samplec56.1_65R05C01.txt	0.0018	0.0000	0.0851	0.4993	0.5000	0.0253	0.000041	-0.0044	26
Sample171.1_78R07C01.txt	-0.0018	0.0000	0.0849	0.5001	0.5000	0.0274	0.000026	0.0042	27
Sample700.1_24R08C01.txt	-0.0183	0.0000	0.1417	0.5038	0.5000	0.0370	0.000098	0.0091	36
Samplec90.1_2R08C01.txt	-0.0187	0.0000	0.1843	0.5106	0.5000	0.0572	0.000225	0.0139	66
Sample378.1_24R06C01.txt	0.0052	0.0000	0.0782	0.5014	0.5000	0.0231	0.000011	0.0046	20
Sample220.1_27R01C01.txt	-0.0555	0.0000	0.2121	0.5152	0.5000	0.0656	0.001206	0.0133	104
Sample727.1_10R08C01.txt	0.0169	0.0000	0.1219	0.4998	0.5000	0.0287	0.000097	-0.0065	19
Sample352.1_80R03C01.txt	-0.0009	0.0000	0.0865	0.5018	0.5000	0.0272	0.000025	-0.0049	34
Sample715.1_10R07C01.txt	0.0142	0.0000	0.1129	0.5003	0.5000	0.0267	0.000079	-0.0065	22
Sample588.1_57R06C01.txt	0.0034	0.0000	0.0739	0.5009	0.5000	0.0230	0.000031	-0.0047	27
Sample573.1_46R02C01.txt	-0.0084	0.0000	0.1030	0.5027	0.5000	0.0306	0.000033	0.0053	28
Sample441.1_54R06C01.txt	0.0019	0.0000	0.0793	0.5003	0.5000	0.0245	0.000033	-0.0047	35
Samplec120.1_18R03C01.txt	0.0068	0.0000	0.0935	0.5004	0.5000	0.0258	0.000041	-0.0043	26
Sample594.1_39R06C01.txt	-0.0136	0.0000	0.1054	0.5011	0.5000	0.0272	0.000098	0.0064	22
Sample661.1_28R03C01.txt	0.0020	0.0000	0.0775	0.5005	0.5000	0.0237	0.000040	0.0056	14
Sample166.1_18R03C01.txt	0.0024	0.0000	0.0686	0.5016	0.5000	0.0244	0.000031	0.0037	22
Sample517.1_42R02C01.txt	-0.0034	0.0000	0.0697	0.5027	0.5000	0.0268	0.000024	-0.0039	24
Sample135.1_14R03C01.txt	0.0015	0.0000	0.0776	0.5016	0.5000	0.0252	0.000023	-0.0057	17
Sample731.1_16R08C01.txt	0.0026	0.0000	0.0961	0.4994	0.5000	0.0268	0.000029	0.0049	28
Sample42.1_11R04C01.txt	-0.0017	0.0000	0.0783	0.5019	0.5000	0.0261	0.000049	0.0050	19
Sample450.1_50R07C01.txt	-0.0067	0.0000	0.0932	0.5007	0.5000	0.0268	0.000034	0.0057	26
Sample230.1_70R06C01.txt	-0.0037	0.0000	0.0778	0.5002	0.5000	0.0259	0.000031	0.0038	20
Sample303.1_33R07C01.txt	-0.0141	0.0000	0.1042	0.5026	0.5000	0.0296	0.000037	0.0062	23
Sample492.1_49R01C01.txt	-0.0070	0.0000	0.0905	0.5020	0.5000	0.0297	0.000036	0.0056	21
Sample101.1_6R06C01.txt	-0.0061	0.0000	0.1090	0.5023	0.5000	0.0304	0.000081	0.0056	31
Sample582.1_39R05C01.txt	-0.0125	0.0000	0.1029	0.5013	0.5000	0.0273	0.000055	0.0059	26
Sample516.1_37R02C01.txt	-0.0146	0.0000	0.1010	0.5028	0.5000	0.0308	0.000039	0.0053	10
Samplec91.1_7R03C01.txt	0.0096	0.0000	0.0971	0.5014	0.5000	0.0268	0.000020	-0.0056	21
Sample702.1_19R02C01.txt	-0.0150	0.0000	0.1194	0.5015	0.5000	0.0335	0.000032	0.0111	35
Sample521.1_76R07C01.txt	-0.0023	0.0000	0.0786	0.5008	0.5000	0.0257	0.000020	-0.0039	25
SampleY-9.1_6R05C01.txt	0.0111	0.0000	0.0983	0.5011	0.5000	0.0259	0.000026	-0.0072	21
Sample60.1_9R03C01.txt	0.0001	0.0000	0.0848	0.5030	0.5000	0.0281	0.000023	-0.0067	23
Sample318.1_74R08C01.txt	-0.0338	0.0000	0.1583	0.5038	0.5000	0.0369	0.000083	0.0090	31
Sample337.1_69R03C01.txt	-0.0087	0.0000	0.0964	0.5011	0.5000	0.0310	0.000034	-0.0044	27
Sample525.1_56R05C01.txt	-0.0066	0.0000	0.1132	0.4992	0.5000	0.0291	0.000037	-0.0068	29
Samplec24.1_81R08C01.txt	-0.0001	0.0000	0.0894	0.5004	0.5000	0.0260	0.000035	0.0053	30
Sample45.1_3R02C01.txt	-0.0054	0.0000	0.0998	0.5041	0.5000	0.0332	0.000040	0.0058	27
Sample697.1_24R05C01.txt	0.0042	0.0000	0.0957	0.5004	0.5000	0.0259	0.000064	0.0043	16
Sample236.1_67R03C01.txt	0.0008	0.0000	0.0719	0.5009	0.5000	0.0257	0.000026	-0.0039	20
Samplec60.1_71R02C01.txt	-0.0147	0.0000	0.1176	0.5020	0.5000	0.0343	0.000033	0.0066	22
Sample102.1_9R06C01.txt	0.0040	0.0000	0.0787	0.5019	0.5000	0.0241	0.000029	0.0051	25
Sample100.1_3R06C01.txt	-0.0000	0.0000	0.0828	0.5019	0.5000	0.0269	0.000037	0.0047	17
Sample1.1_12R01C01.txt	-0.0069	0.0000	0.0831	0.5033	0.5000	0.0291	0.000034	0.0045	14
Sample50.1_1R01C01.txt	-0.0163	0.0000	0.1179	0.5059	0.5000	0.0380	0.000067	0.0060	15
Sample19.1_8R08C01.txt	0.0021	0.0000	0.0956	0.5026	0.5000	0.0278	0.000034	-0.0050	15
Sample108.1_63R05C01.txt	-0.0007	0.0000	0.0851	0.5014	0.5000	0.0268	0.000032	-0.0055	27
Sample474.1_53R05C01.txt	-0.0016	0.0000	0.0882	0.4999	0.5000	0.0261	0.000032	-0.0047	25
Samplec22.1_61R03C01.txt	-0.0047	0.0000	0.0848	0.5004	0.5000	0.0269	0.000035	-0.0045	22
